"American Airport Traffic Data 2015: Passenger numbers",,,,,,,,,,,,,,,,,
"Sources: ASUR, CORPAC, GAP, Infraero, OMA, plus individual airports",,,,,,,,,,,,,,,,,
,,,,,,,,,,,,,,,,,
Country,Airport,Code,"Pax 2014",Jan,Feb,Mar,Apr,May,Jun,Jul,Aug,Sep,Oct,Nov,Dec,"Pax 2015",vly
Brazil,Aracaju,AJU,1370847,129969,98996,106823,100121,99708,99577,111946,97045,104009,105045,100844,,1154083,
Brazil,Belém,BEL,3888524,355117,266862,286234,305609,309712,303014,379715,310905,297694,306127,277791,,3398780,
Brazil,"Boa Vista",BVB,350233,30830,27262,29472,28077,28295,27175,31364,27432,26515,20572,27484,,304478,
Brazil,Brasília,BSB,18130589,1788582,1376678,1533274,1554055,1528958,1516497,1853970,1638641,1620555,1692848,1612543,,17716601,
Brazil,"Campina Grande",CPV,177774,16986,11613,10847,8405,8814,9959,9181,7428,7118,6982,7576,,104909,
Brazil,Campinas,CPQ,9846853,978371,839237,888739,847928,828069,787936,955684,850429,845825,845223,,,8667441,
Brazil,"Campo de Marte",CBW,185538,13335,12533,12997,13101,12276,12121,11080,14481,11925,14332,11357,,139538,
Brazil,"Campo Grande",CGR,1573625,145971,118194,124738,133288,126483,119432,146650,122900,123150,127705,121149,,1409660,
Brazil,"Confins/Tancredo Neves",CNF,10804652,1113768,833485,908834,946270,922121,877373,1070510,904476,910869,954112,885020,,10326838,
Brazil,Congonhas,CGH,18133866,1743274,1387293,1586989,1631013,1577983,1490306,1735497,1555828,1546413,1607389,1632200,,17494185,
Brazil,"Cruzeiro do Sul",CZS,74719,5368,4897,3053,6535,7020,6905,7576,8787,7672,6413,5891,,70117,
Brazil,Cuiabá,CGB,3294801,297830,246307,262106,282594,279529,264016,311232,284315,272933,267331,250672,,3018865,
Brazil,Curitiba,CWB,7376486,647774,544125,625380,619671,608735,566146,649854,567154,609509,641739,599101,,6679188,
Brazil,Florianópolis,FLN,3629065,392742,303380,302840,298324,279116,260781,314191,278989,300443,282835,298269,,3311910,
Brazil,Fortaleza,FOR,6501249,692074,481857,482417,493483,496860,492446,616129,523323,486345,490926,491134,,5746994,
Brazil,"Foz de Iguaçu",IGU,1880739,202513,159359,173733,164031,161297,154771,196559,180427,164260,173785,160167,,1890902,
Brazil,"Rio de Janeiro Galeão",GIG,17317427,1784148,1432489,1381809,1382054,1376290,1310741,1561383,1391351,1305197,1331180,,,14256642,
Brazil,Goiânia,GYN,3362604,299938,229722,264777,279622,275609,275610,315747,280108,267151,263649,262281,,3014214,
Brazil,Guarulhos,GRU,39537000,3805000,2995000,3100000,3076000,3094000,3017000,3617000,3304000,3161000,3274000,,,32443000,
Brazil,Ilhéus,IOS,561963,62985,44242,48129,47574,47114,44809,55087,50161,49020,53366,50714,,553201,
Brazil,Imperatriz,IMP,342657,25702,22183,26146,26884,27835,27395,31993,26804,25870,28181,28614,,297607,
Brazil,Jacarepaguá,RIO,171802,23047,16735,17043,15035,15605,15635,15123,17240,16490,16569,15077,,183599,
Brazil,"João Pessoa",JPA,1326962,145637,114757,117260,121948,112491,119251,121898,101848,102767,110450,77537,,1245844,
Brazil,Joinville,JOI,493239,43320,35791,42384,42944,42659,39012,49146,46644,42029,46149,44127,,474205,
Brazil,"Juazeiro do Norte",JDO,418895,35472,29399,33761,31712,33245,32380,44192,38629,36873,34774,38881,,389318,
Brazil,Londrina,LDB,1131995,96835,77614,90949,91968,91393,86203,90458,81187,85152,85114,87506,,964379,
Brazil,Macaé,MEA,450211,37934,32916,39020,33668,36933,37286,39314,39202,35710,37181,36052,,405216,
Brazil,Macapa,MCP,739973,65852,46610,52107,53709,55604,51648,69092,55556,53588,50973,50679,,605418,
Brazil,Maceió,MCZ,1892745,239377,157082,156544,144022,140995,139526,178667,153899,148880,163700,158089,,1780781,
Brazil,Manaus,MAO,3377835,339555,268079,253932,246623,243598,252946,308641,260535,266374,255104,240084,,2935471,
Brazil,Marabá,MAB,452939,37627,30228,31609,31417,32416,33138,43362,31223,31728,29839,27851,,360438,
Brazil,"Montes Claros",MOC,355473,33763,31251,36025,36925,29701,30807,34630,28003,28429,30264,26497,,346295,
Brazil,Natal,NAT,2516871,306898,214574,216431,194648,178943,183827,248570,206395,185023,204390,194144,,2333843,
Brazil,Navegantes,NVT,1351554,135620,101476,125106,121816,112040,110394,133668,107078,120621,130741,130042,,1328602,
Brazil,Palmas,PMW,634133,54119,43397,49475,52876,54052,51763,59284,50551,51039,57385,53797,,577738,
Brazil,Pampulha,PLU,943697,,,,,,,,,,,,,0,
Brazil,Petrolina,PNZ,499115,47689,37963,39305,36335,38080,35685,39388,36900,35118,35446,33822,,415731,
Brazil,"Porto Alegre",POA,8447380,773116,647310,677466,682813,693185,657936,764822,682602,674238,682960,694637,,7631085,
Brazil,"Porto Velho",PVH,892625,90247,54429,70414,72384,73580,71484,88858,78624,78331,79375,76593,,834319,
Brazil,Recife,REC,7363756,722746,531702,549047,515704,514848,496597,635273,548839,524508,531099,512005,,6082368,
Brazil,"Rio Branco",RBR,384820,34738,26895,28255,29097,30328,28392,28394,29429,31106,33590,32380,,332604,
Brazil,Salvador,SSA,9050053,966127,791917,710852,754361,724625,733659,812283,643176,657298,600390,629477,,8024165,
Brazil,Santarém,STM,572615,50974,40135,48363,53202,51255,51027,72651,57845,64679,64840,48086,,603057,
Brazil,Santos-Dumont,SDU,9888333,936887,739183,816926,830168,769820,718750,839492,781149,787154,680161,735473,,8635163,
Brazil,"São José dos Campos",SJK,85643,1866,1343,1437,2422,1808,2765,3915,8894,8093,9939,8806,,51288,
Brazil,"São Luís",SLZ,1671371,125625,126105,128249,126689,132981,139787,166438,143136,132308,125847,137449,,1484614,
Brazil,Teresina,THE,1173723,121240,84916,91549,97456,96600,99082,123511,99337,92780,94614,94013,,1095098,
Brazil,Uberaba,UBA,161146,9133,10393,12464,13196,13994,12342,12887,12941,11891,11717,8885,,129843,
Brazil,Uberlândia,UDI,1136211,105761,87314,103004,99957,93862,87332,101507,96620,92523,102011,97929,,1067820,
Brazil,Vitória,VIX,3522507,355000,279066,293114,304393,285827,272135,321745,292744,286915,297341,278223,,3266503,
Canada,"Calgary 1",YYC,15253254,1199362,1149370,1267048,1225711,1257136,1299658,1512765,1557434,1294924,1267534,1132340,,14163282,
Canada,Edmonton,YEG,7332322,651679,627100,688897,660480,632621,643539,680530,709966,602125,594916,550466,,7042319,
Canada,Halifax,YHZ,3663039,225301,235076,303399,329017,320359,315629,381448,419109,342114,317447,245494,,3434393,
Canada,Kelowna,YLW,1602899,139144,133971,140110,119326,121149,124124,143401,147427,128036,126329,121568,,1444585,
Canada,"Montreal 1",YUL,14821100,1213521,1145099,1315757,1217610,1236963,1363509,"1 548 959","1 601 961",1327823,1273449,1056235,,11149966,
Canada,Ottawa,YOW,4616431,380332,383880,418555,381915,387431,397778,397018,408438,369924,382957,359734,,4267962,
Canada,"Quebec City",YQB,1510095.4419999998,149595,142031,155678,140514,105055,114988,129101,130370,,,,,1067332,
Canada,Toronto,YYZ,38572001,3086306,2907203,3384371,3297888,3418915,3562765,4073087,4258781,3463334,3338339,,,34790989,
Canada,Vancouver,YVR,19357514,1523129,1436824,1652210,1554656,1701131,1822079,2049906,2125743,1745362,1596765,1430310,,18638115,
Canada,Victoria,YYJ,1650165,120622,118719,144161,137221,145799,148875,160511,172342,147249,146512,126307,,1568318,
Canada,Winnipeg,YWG,3669797,308156,307261,317167,293396,303590,326395,353643,362952,303679,,,,2876239,
Chile,"Antofagasta/Cerro Moreno",ANF,681970,,,,,,,,,,,,,0,
Chile,Arica-Chacalluta,ARI,212799,,,,,,,,,,,,,0,
Chile,Balmaceda,BBA,154657,,,,,,,,,,,,,0,
Chile,"Calama/El Loa",CJC,470286,,,,,,,,,,,,,0,
Chile,"Concepcion/Carriel Sur",CCP,320670,,,,,,,,,,,,,0,
Chile,"Copiapo/Desierto de Atacama",CPO,200903,,,,,,,,,,,,,0,
Chile,"Iquique/Diego Aracena",IQQ,450062,,,,,,,,,,,,,0,
Chile,"Isla de Pascua/Mataveri",IPC,60102,,,,,,,,,,,,,0,
Chile,"La Serena-La Florida",LSC,256433,,,,,,,,,,,,,0,
Chile,"Osorno-Cañal Bajo",ZOS,27802,,,,,,,,,,,,,0,
Chile,"Puerto Montt/El Tepual",PMC,482069,,,,,,,,,,,,,0,
Chile,"Punta Arenas/Presidente C. Ibáñez del Campo",PUQ,316540,,,,,,,,,,,,,0,
Chile,"Santiago/Arturo Merino Benítez    ",SCL,5509654,,,,,,,,,,,,,0,
Chile,Temuco-Maquehue,ZCO,181650,,,,,,,,,,,,,0,
Chile,Valdivia-Pichoy,ZAL,49261,,,,,,,,,,,,,0,
Colombia,"Armenia-El Eden",AXM,365585,36424,33485,33532,37105,44515,45464,46912,,,,,,277437,-0.24111492539354729
Colombia,Barrancabermeja-Yariguies,EJA,223745,14890,14129,14742,14427,15561,15444,16030,,,,,,105223,-0.5297190998681535
Colombia,"Barranquilla/E. Cortissoz",BAQ,2385604,219672,190548,210781,206499,223036,249535,260086,,,,,,1560157,-0.34601174377641886
Colombia,"Bogota-El Dorado",BOG,21965116,2033490,1684408,1880021,1846719,2459642,2547405,2737265,,,,,,15188950,-0.30849670905448434
Colombia,Bucaramanga-Palonegro,BGA,1696984,145855,125559,141953,144789,158791,163689,172180,,,,,,1052816,-0.3795958005496811
Colombia,"Cali/Alfonso Bonilla Aragon",CLO,4580146,402881,337242,369829,365650,406041,435453,479918,,,,,,2797014,-0.38931772043947943
Colombia,"Carepa/Antonio Roldan Betancourt",APO,207768,15334,16365,17146,15887,16932,18181,18373,,,,,,118218,-0.4310095876169574
Colombia,"Cartagena/Rafael Nuqez",CTS,3351200,330801,259113,286138,271033,297872,335105,357953,,,,,,2138015,-0.3620150990689902
Colombia,"Cucuta/Camilo Daza",CUC,991659,108648,75393,87787,91213,101615,109540,116413,,,,,,690609,-0.3035821789546608
Colombia,"El Yopal",EYP,478653,33840,30559,33690,31573,34061,36056,43828,,,,,,243607,-0.4910571959227248
Colombia,Ibague-Perales,IBE,168286,11764,12161,13222,12355,13886,13377,14314,,,,,,91079,-0.4587844502810692
Colombia,"Leticia/Alfredo Vasquez Cobo",LET,90624,,,,,,,,,,,,,0,
Colombia,"Manizales-La Nubia",MZL,201846,18410,16706,16148,15126,16250,18259,20514,,,,,,121413,-0.398486965310187
Colombia,"Medellin/Olaya Herrera",EOH,989262,88615,75808,85350,78378,83178,92341,96203,,,,,,599873,-0.39361564479379574
Colombia,"Monteria-Los Garzones",MTR,799406,77572,62500,70145,68636,67718,75782,78974,,,,,,501327,-0.3728756101405294
Colombia,"Neiva/Benito Salas",NVA,312611,22080,22501,26107,24000,28313,27431,27703,,,,,,178135,-0.43017040347268654
Colombia,Pereira-Matecañas,PEI,1374134,125738,102477,120357,120624,131368,134499,136630,,,,,,871693,-0.3656419242955927
Colombia,"Pasto/Antonio Nariqo",PSO,253474,24870,20128,23065,23184,24137,25302,29155,,,,,,169841,-0.329947055713801
Colombia,"Quibdo-El Caraño",UIB,145018,,,,,,,,,,,,,0,
Colombia,"Rionegro-Antioquia/Jose M. Cordova",MDE,5004460,416282,370853,415200,410220,529964,584996,608620,,,,,,3336135,-0.33336763606862674
Colombia,"San Andres-Isla/Gustavo Rojas Pinilla",ADZ,1498196,158908,129110,140202,118647,147792,172851,155008,,,,,,1022518,-0.31750051395144563
Colombia,"Santa Marta/Simon Bolivar",SMR,1224284,136386,99528,104671,109866,113737,119882,134847,,,,,,818917,-0.3311053644415838
Colombia,"Valledupar/Alfonso Lopez P.",VUP,362026,29104,25587,28744,31077,33364,31439,35690,,,,,,215005,-0.4061061912680305
Colombia,Villavicencio-Vanguardia,VVC,199348,16893,18640,18467,18545,18618,19306,20312,,,,,,130781,-0.3439562975299476
"Dominican Republic","Samana (El Catey)2",AZS,57781,7713,7268,7820,5764,3122,3866,4669,4779,2373,2490,4768,,54632,
"Dominican Republic",Cibao/Santiago,STI,596130,41818,40764,50605,44482,48002,60927,80137,64880,39045,46882,45606,,563148,
"Dominican Republic","Santo Domingo (Las Americas) 2",SDQ,1546361,128959,112854,132438,126621,133810,149036,181727,162979,126541,140461,144651,,1540077,
"Dominican Republic","La Romana",LRM,116091,14527,12547,12386,8542,5826,5963,8046,7885,3206,4867,7578,,91373,
"Dominican Republic","Puerto Plata (La Union) 2",POP,728019,50432,46672,51338,39808,22714,23823,28082,24809,16740,18170,26431,,349019,
"Dominican Republic","Punta Cana",PUJ,2927827,291426,285144,316633,276205,244367,277160,320295,261901,184533,203435,241200,,2902299,
Ecuador,"Guayaquil/Jose Joaquin de Olmedo",GYE,0,,,,,,,,,,,,,0,
"El Salvador","San Salvador/Comalapa",SAL,0,,,,,,,,,,,,,0,
Guadeloupe,Pointe-à-Pitre,PTP,2029080,197431,202111,197368,187096,152822,140600,"199483 ","225822 ",110125,"137362 ",,,1187553,
Guatemala,"Guatemala City",GUA,2216885,,,,,,,,,,,,,0,
Martinique,"Fort-de-France/Aimé Césaire",FDF,1683339,154625,162547,157544," 153 951",123755,113351,,,,,,,711822,
Mexico,"Acapulco 2",ACA,631570,67354,57809,74080,66948,55752,48344,69861,61787,43939,,,,545874,
Mexico,"Aguascalientes ",AGU,540500,45200,38800,47600,54700,54800,52900,65200,60200,50200,,,,469600,
Mexico,Cancún,CUN,17455353,1704963,1532437,1801388,1716752,1616145,1632369,1936293,1785117,1225784,,,,14951248,
Mexico,"Chihuahua 2",CUU,961538,73826,69591,89524,87235,90269,92300,115658,108152,93755,,,,820310,
Mexico,"Ciudad Juarez 2",CJS,769029,67207,55870,71565,68333,66586,71914,85491,78502,67965,,,,633433,
Mexico,Cozumel,CZM,514528,54271,54189,67424,53562,41760,51170,58731,39818,19601,,,,440526,
Mexico,"Culiacán 2",CUL,1307717,103087,94634,116448,117270,120485,114013,133516,126778,109614,,,,1035845,
Mexico,"Durango 2",DGO,255937,20149,20951,23037,21525,23645,25550,31653,30729,26142,,,,223381,
Mexico,Guadalajara,GDL,8733200,771600,649400,775000,771000,796100,826200,957000,905300,749700,,,,7201300,
Mexico,Hermosillo,HMO,1326300,102200,90700,114200,107600,112900,106000,123100,111500,106100,,,,974300,
Mexico,Huatulco,HUX,519619,62423,56048,62886,53596,44597,42354,55459,55818,37000,,,,470181,
Mexico,"La Paz ",LAP,671700,49900,44300,56700,57000,55500,49000,66000,62100,47300,,,,487800,
Mexico,"Leon/Del Bajio (Guanajuato) ",BJX,1222100,114100,92700,115600,112600,116600,123800,155700,145700,120100,,,,1096900,
Mexico,"Los Mochis ",LMM,228800,22000,18400,23800,24000,23700,22000,29200,25900,21400,,,,210400,
Mexico,"Manzanillo ",ZLO,211300,28700,26400,27100,16700,12100,10400,11000,9900,8200,,,,150500,
Mexico,"Mazatlán 2",MZT,789234,75068,74272,87691,72958,65073,59684,72668,68647,51759,,,,627820,
Mexico,Mérida,MID,1436959,122652,113769,132311,133394,136018,133154,160512,149532,125881,,,,1207223,
Mexico,Mexicali,MXL,507600,43200,36200,44500,45400,48900,51400,60900,53900,44300,,,,428700,
Mexico,"Mexico City",MEX,34255739,2893800,2569463,3116950,3080489,3217890,3199283,3710642,3531791,3009413,,,,28329721,
Mexico,Minatitlán,MTT,234749,18633,18045,20684,20905,22367,21503,23077,22706,21264,,,,189184,
Mexico,"Monterrey 2",MTY,7128531,566680,549890,675512,688692,729548,722568,874829,821421,676892,,,,6306032,
Mexico,Morelia,MLM,476100,45300,32700,37500,35400,38600,43000,47900,44500,32500,,,,357400,
Mexico,Oaxaca,OAX,542271,50534,45878,53360,51174,51435,51580,68852,61487,49462,,,,483762,
Mexico,"Puerto Vallarta",PVR,3127500,321900,357300,417500,338000,245600,240900,291800,259500,152200,,,,2624700,
Mexico,"Reynosa 2",REX,472027,34617,30551,38406,41028,42486,43171,55812,53460,38315,,,,377846,
Mexico,"San Jose del Cabo",SJD,3284100,285100,267500,349500,329700,302800,308100,358500,311400,199800,,,,2712400,
Mexico,"San Luis Potosí 2",SLP,373986,31795,28773,36558,35318,37642,38026,46849,44679,35308,,,,334948,
Mexico,"Tampico 2",TAM,688893,56909,52164,64579,66670,62528,62744,74473,66891,60359,,,,567317,
Mexico,Tapachula,TAP,175194,18992,16526,21274,19944,21957,21755,25391,24071,20848,,,,190758,
Mexico,Tijuana,TIJ,4385500,379800,292800,358200,370200,386100,404100,490600,454100,359700,,,,3495600,
Mexico,"Torreón 2",TRC,523783,36810,35740,45201,43676,45529,45626,51813,50115,46698,,,,401208,
Mexico,Veracruz,VER,1157522,93223,89758,100149,106170,112272,101422,122433,115340,95844,,,,936611,
Mexico,Villahermosa,VSA,1116262,96503,87629,106666,108510,105990,107492,120573,112673,96859,,,,942895,
Mexico,"Zacatecas 2",ZCL,284625,21428,18128,23863,25121,26147,30436,33717,32756,26521,,,,238117,
Mexico,"Zihuatanejo 2",ZIH,508065,73550,67314,71827,48510,35815,32138,44624,40471,23888,,,,438137,
Panama,"Tocumen International",PTY,0,,,,,,,,,,,,,0,
Paraguay,"Silvio Pettirossi",ASU,915639,89322,75011,77955,67366,72243,65239,,,,,,,447136,
Paraguay,Guarani,AGT,30386,1989,2552,2812,1711,1738,1370,,,,,,,12172,
Peru,Arequipa,AQP,1351182,111250,102186,100475,109896,117406,110583,131887,,,,,,783683,
Peru,Ayacucho,AYP,85702,9691,10466,11110,12677,12465,10491,10951,,,,,,77851,
Peru,Cajamarca,CJA,252460,18105,19929,19698,18795,23043,19906,23286,,,,,,142762,
Peru,Chiclayo,CIX,438724,36930,36054,34438,33522,37213,36294,36234,,,,,,250685,
Peru,Cuzco,CUZ,2485859,209333,186744,204124,217605,243577,228968,280650,,,,,,1571001,
Peru,Iquitos,IQT,999373,99164,96787,88162,79026,83161,81171,86525,,,,,,613996,
Peru,Juliaca,JUL,369571,32500,37526,33845,34000,37179,33711,37034,,,,,,245795,
Peru,"Lima/Jorge Chavez",LIM,16063131,1403403,1363562,1378830,1329269,1453275,1349482,1536620,,,,,,9814441,
Peru,Nazca,NZC,157233,13598,10240,11738,14256,14663,12084,18216,,,,,,94795,
Peru,Piura,PIU,746934,69049,71756,66895,61828,65613,66980,66083,,,,,,468204,
Peru,Pucallpa,PCL,446545,40293,40427,39872,38089,39239,38533,45090,,,,,,281543,
Peru,"Puerto Maldonado",PEM,267951,19461,18400,20260,22250,24371,21561,24705,,,,,,151008,
Peru,Tacna,TCQ,340562,30163,33494,28200,27687,30691,27816,31428,,,,,,209479,
Peru,Tarapoto,TPP,650998,54257,55337,50509,47834,52920,50700,53918,,,,,,365475,
Peru,Trujillo,TRU,480057,39918,38054,39394,36682,41677,38448,42282,,,,,,276455,
Peru,Tumbes,TBP,183491,18906,18858,15301,12951,14774,12808,17056,,,,,,110654,
Uruguay,Carrascos,MVD,0,,,,,,,,,,,,,0,
Uruguay,"Punta del Este/Capitan Curbelo",PDP,0,,,,,,,,,,,,,0,
USA,Albuquerque,ABQ,4871901,304545,280958,369022,379963,425363,437755,459392,431382,403825,462163,379451,,4333819,
USA,"Atlantic City",ACY,,98267,96496,116690,105700,104093,97360,111141,110632,82583,81344,,,1004306,
USA,Atlanta,ATL,96123070,7288267,6833991,8623751,8418370,8894339,9035794,9384797,9053951,8321227,8919729,8493790,,93268006,
USA,"Austin-Bergstrom 1",AUS,10718854,779481,738355,1006899,957916,1022353,1088399,1165811,1062997,964975,1044747,1036223,,10868156,
USA,"Baltimore/Washington 3",BWI,22310731,1522073,1410682,1912353,2028558,2146942,2181039,2372313,2201667,1943821,2120197,,,19839645,
USA,"Bentonville/Northwest Arkansas 1",XNA,1278403,89506,87269,101354,107042,114774,124880,125888,118445,110775,116183,100168,,1196284,
USA,Boise,BOI,2752370,215235,198742,230995,214830,244875,278039,289215,272699,246037,266967,250329,,2707963,
USA,"Boston 3",BOS,31634445,2108046,1941426,2704714,2833871,3017234,3105133,3349845,3324880,2830912,3043178,2645260,,30904499,
USA,Buffalo,BUF,1905909,,,,,,,,,,,,,0,
USA,"Burbank/Bob Hope 5",BUR,3861179,297209,284496,337432,333406,341191,336978,334738,342095,318769,343508,,,3269822,
USA,Charleston,CHS,3131072,202998,196254,275614,301871,307221,323832,322340,313345,300336,313622,285719,,3143152,
USA,Charlotte,CLT,47894477,3403970,3056678,3884284,3834986,4019110,3925530,4089547,3926753,3576122,3854027,,,37571007,
USA,"Chicago Midway 1",MDW,21204642,1414385,1308365,1824773,1876511,1966841,2082761,2239420,2097390,1918437,2043207,1746343,,20518433,
USA,"Chicago O'Hare 1",ORD,70028298,5154356,4771240,6332548,6244765,6859906,7012037,7372910,7271026,6552126,6975986,6265527,,70812427,
USA,Cincinnati,CVG,5908711,409523,403072,524428,517863,561734,595544,604735,580114,521558,591859,512450,,5822880,
USA,Cleveland,CLE,7609404,,,,,717895,749945,759707,741565,,736559,682367,,4388038,
USA,"Colorado Springs 6",COS,361492,,,,,,,,,,,,,0,
USA,Columbia,CAE,1034902,75032,72546,90492,98900,102669,97297,101960,98804,92360,91339,92846,87766,1102011,
USA,"Columbus/Port Columbus",CMH,6335426,463553,443797,579565,557455,591921,618169,619602,576947,545355,623405,582430,,6202199,
USA,"Dallas/Fort Worth",DFW,63523508,4901943,4293035,5292773,5184985,5406544,5857338,6158607,5839500,5265516,5532892,5103283,,58836416,
USA,"Dallas/Love Field 4",DAL,9413636,966548,916278,1130032,1162896,1235181,1232233,1270096,1299700,1296192,1376644,1302084,,13187884,
USA,"Denver 1",DEN,53472514,3985981,3693876,4533547,4223220,4532025,4802776,5019260,4896795,4533397,4827675,4383945,,49432497,
USA,"Des Moines",DSM,2319448,178065,170051,200959,183688,210890,215517,209258,206847,189858,213070,198703,188737,2365643,
USA,Detroit,DTW,32529718,2299687,2218796,2867949,2776688,2949535,2955727,3122476,3120540,2768943,2947595,2748266,,30776202,
USA,"El Paso",ELP,2771462,193427,177319,235610,227658,247419,249986,257756,235993,222751,244840,228210,,2520969,
USA,"Fort Lauderdale",FLL,24648306,2157913,2213483,2658793,2348311,2173825,2135608,2315600,2184983,,1975187,2242656,,22406359,
USA,"Fort Myers/Southwest Florida",RSW,7970493,854953,906039,1181382,902669,602891,481512,492114,454360,404045,535921,720556,,7536442,
USA,Fresno,FAT,1437670,103725,92046,106574,111369,119330,126151,125657,,,,,,784852,
USA,"Grand Rapids/Gerald R. Ford",GRR,2335105,181049,188149,231138,216421,215745,222480,234282,231297,203264,218511,205088,,2347424,
USA,Greenville-Spartanburg,GSP,1897264,133961,119904,146714,163861,169796,172977,178967,171614,165873,186344,170565,,1780576,
USA,Hartford-Springfield/Bradley,BDL,5873024,425729,400119,519494,526638,542888,508122,534071,521000,457145,518571,500102,,5453879,
USA,"Houston Intercontinental",IAH,41196854,3302827,3022454,3623961,3384327,3669633,3891034,4166577,3766402,3223069,3615704,3557316,,39223304,
USA,"Houston Hobby",HOU,11944105,848573,806312,1030602,973075,983360,1086077,1167822,1022731,935064,1067298,1094825,,11015739,
USA,Indianapolis,IND,7363671,526017,524471,682721,656791,682869,,,,,,,,3072869,
USA,Jackson-Evers,JAN,1075608,73512,65299,78788,78104,90591,92010,94869,87320,80922,,,,741415,
USA,Jacksonville,JAX,4823019,378396,343125,467829,489536,497722,491617,514172,479361,440981,484586,459037,,5046362,
USA,"Kansas City 5",KCI,10112272,700353,673800,865037,853337,938657,980483,1015851,903303,860790,960109,868721,,9620441,
USA,"Knoxville/McGhee Tyson",TYS,1738033,116829,101588,149593,136818,147493,163099,172131,167517,148845,,,,1303913,
USA,"Las Vegas",LAS,42869517,3309999,3162945,3863154,3785075,3992150,3911813,4064096,4007006,3779105,4104971,3739755,,41720069,
USA,"Little Rock",LIT,2076551,137742,123855,160162,157623,176200,189154,191051,176564,162264,186965,,,1661580,
USA,"Long Beach",LGB,2821030,190027,171963,204238,203258,220993,233101,245340,243880,204346,209734,,,2126880,
USA,"Los Angeles",LAX,70664893,5439089,4950595,6026597,5938284,6356940,6782534,7275519,7109136,6027057,,,,55905751,
USA,"Los Angeles/Ontario",ONT,4122349,313347,287939,355199,353362,365059,367236,367458,368631,341089,,,,3119320,
USA,Louisville,SDF,3355861,239389,217479,281475,286122,302669,318042,318429,275213,277747,315711,,,2832276,
USA,Memphis,MEM,3596800,244382,224197,292424,300433,346578,350008,351195,316101,315555,,,,2740873,
USA,Miami,MIA,40941879,3802696,3367446,3808259,3618134,3677037,3673423,4061577,3907929,3265344,3545343,,,36727188,
USA,"Milwaukee/General Mitchell Int.",MKE,6554152,464749,454948,626067,586292,555810,591145,610271,583715,500817,,,,4973814,
USA,"Minneapolis/St Paul 1",MSP,35152460,2594000,2529873,3224506,2904620,3033893,3360195,3568923,3527350,3006363,3159472,,,30909195,
USA,"Myrtle Beach",MYR,1749657,62973,73798,129246,160806,201331,219723,248692,234745,171879,,,,1503193,
USA,Nashville,BNA,11041259,767896,693479,979744,981314,1039256,1071025,1013327,942203,909845,1020460,,,9418549,
USA,"New Orleans/Louis Armstrong",MSY,9785499,768374,801317,952658,958690,965380,927988,903145,808524,809684,974230,,,8869990,
USA,"New York JFK 1",JFK,54625584,3950176,3522454,4411657,4620257,4978660,5169399,5641247,5817009,4778774,4896844,,,47786477,
USA,"New York LaGuardia 1",LGA,27920782,1831832,1831610,2330616,2429745,2523355,2534257,2673089,2675308,2340430,2529884,,,23700126,
USA,"Newark 1",EWR,36740093,2520627,2429191,3066713,3182415,3167426,3280077,3564255,3530745,3036938,3227218,,,31005605,
USA,Norfolk,ORF,2965192,200417,178832,244072,242554,274625,287191,299103,294749,257616,270121,253748,,2803028,
USA,Oakland,OAK,10336788,775420,730874,885378,905048,946161,1013285,1067398,1044556,928666,984557,,,9281343,
USA,"Oklahoma City/Will Rogers",OKC,3835283,260714,239574,294266,293356,333257,346789,360813,328886,307094,339070,,,3103819,
USA,Omaha/Eppley,OMA,4117591,300085,291199,369825,332602,380612,393196,389411,348594,333488,363521,,,3502533,
USA,Orlando,MCO,35753657,3094361,2936879,3623986,3361942,3266089,3215589,3476389,3211431,2687062,,,,28873728,
USA,"Orlando Sanford",SFB,2184701,167225,167314,245568,213042,210697,246988,269986,210204,140506,201188,,,2072718,
USA,"Palm Beach",PBI,5886334,575440,583770,736042,621567,490039,411848,437110,435346,381228,,,,4672390,
USA,"Palm Springs",PSP,1915592,208788,240769,294614,227396,141046,72241,65419,70184,79851,133413,,,1533721,
USA,Philadelphia,PHL,30740261,2116565,2057521,2518087,2612052,2789348,2851517,3054909,3026620,2609272,,,,23635891,
USA,Phoenix,PHX,42125167,3468117,3297209,4250169,3779299,3736316,3755535,3911569,3668248,3241130,,,,33107592,
USA,"Phoenix Mesa Gateway",AZA,0,,,,,,,,,,,,,0,
USA,Pittsburgh,PIT,7998970,547341,535439,695516,667439,707596,746252,760936,738161,663753,,,,6062433,
USA,Portland,PDX,15916512,1137654,1048186,1290514,1286198,1369781,1564969,1728712,1712796,1449967,1460899,,,14049676,
USA,"Providence/Theodore Francis Green",PVD,3566769,243894,219250,305434,307668,314068,301890,340390,332195,300284,314081,,,2979154,
USA,Raleigh-Durham,RDU,9545360,667848,603451,790366,818688,882477,916651,946061,890439,799916,909701,,,8225598,
USA,Reno-Tahoe,RNO,3299876,239556,228123,277477,256823,276969,319309,350823,333017,297299,,,,2579396,
USA,Richmond,RIC,3352651,238166,223298,286560,300491,315083,319815,326987,321047,290551,318829,,,2940827,
USA,Sacramento,SMF,8970123,657900,631098,765136,791909,846653,882605,906566,862697,846265,846265,,,8037094,
USA,"Salt Lake City",SLC,21155820,1697029,1625071,1965365,1768003,1825059,1980529,2079472,2056642,1796587,,,,16793757,
USA,"San Antonio",SAT,8369628,615622,562266,740259,721313,741014,776243,,,,,,,4156717,
USA,"San Diego",SAN,18618987,1427545,1346268,1668048,1662251,1712855,1800633,1862629,,,,,,11480229,
USA,"San Francisco",SFO,47139070,3551072,3248534,4002732,4022770,4361622,4559640,,,,,,,23746370,
USA,"San Jose",SJC,9385212,687743,656971,761737,797922,833023,893607,920624,,,,,,5551627,
USA,"Santa Ana/John Wayne 7",SNA,9386033,736666,708940,832213,825658,839813,849475,927934,936949,844385,,,,7502033,
USA,Sarasota,SRQ,1197097,101822,111766,150801,128564,98901,85657,82492,,,,,,760003,
USA,"Savannah/Hilton Head",SAV,1916561,121018,119891,167820,187798,198815,183213,190695,,,,,,1169250,
USA,Seattle,SEA,35874464,2824529,2664657,3233808,3228073,3581470,4011247,4442031,,,,,,23985815,
USA,Spokane,GEG,2986569,225785,214933,260984,239603,254499,279874,308500,,,,,,1784178,
USA,Springfield-Branson,SGF,846324,61978,54424,72192,69303,81623,88587,,,,,,,428107,
USA,"St. Louis/Lambert",STL,12384339,878410,829393,1079574,1049166,1125435,1161532,,,,,,,6123510,
USA,"Stewart 1",SWF,314582,20952,19816,22294,23984,25977,24167,26928,27041,23778,,,,214937,
USA,Tampa,TPA,17553126,1480828,1465499,1919905,1729836,1601233,1543550,1604114,,,,,,11344965,
USA,Tucson,TUS,3247678,255598,262018,316022,288044,285421,245188,241314,,,,,,1893605,
USA,Tulsa,TUL,2840324,195108,180856,229385,228123,265822,265813,263675,,,,,,1628782,
USA,"Washington Dulles 4",IAD,21402528,1503112,1269007,1666068,1785950,1981453,2049842,,,,,,,10255432,
USA,"Washington Reagan 4",DCA,20784384,1534449,1491919,1931143,2008275,2092878,2032610,,,,,,,11091274,
USA,Wichita,ICT,1533715,106458,95562,124940,123287,142700,154364,158381,,,,,,905692,
,,,,,,,,,,,,,,,,,
,,,,,,,,,,,,,,,,,
,,,,,,,,,,,,,,,,,
"1 includes non-revenue passengers",,,,,,,,,,,,,,,,,
"2 includes general aviation, but excludes transit passengers",,,,,,,,,,,,,,,,,
"3 excludes general aviation",,,,,,,,,,,,,,,,,
"4 excludes general aviation and military",,,,,,,,,,,,,,,,,
"5 excludes non-revenue passengers",,,,,,,,,,,,,,,,,
"6 excludes military",,,,,,,,,,,,,,,,,
"7 includes general aviation",,,,,,,,,,,,,,,,,
