"European Airport Traffic Trends 2015: Passenger numbers",,,,,,,,,,,,,,,,,
"Sources: ADV, AENA, Assaeroporti, Avinor, Finavia, DHMI, HCAA, Transportstyrelsen, UK CAA and individual airports",,,,,,,,,,,,,,,,,
,,,,,,,,,,,,,,,,,
Country,Airport,Code,"Pax 2014",Jan,Feb,Mar,Apr,May,Jun,Jul,Aug,Sep,Oct,Nov,Dec,"Pax 2015",vly
Albania,Tirana,TIA,1810305,135863,111018,138878,150029,157779,173449,213546,237808,193700,167372,140165,,1819607,
Armenia,Yerevan,EVN,2045058,131916,99275,117288,144400,158292,176791,212999,227607,171659,155611,130707,,1726545,
Austria,"Major airports",,26977599,1794667,1763492,2153341,2225220,2408606,2571940,2781009,2815911,2678217,2337504,1897185,,25427092,
Austria,Graz,GRZ,897421,47620,52677,65757,75272,88987,104843,107597,104155,106804,89021,66277,54386,963396,0.07351622036925809
Austria,Innsbruck,INN,991395,158365,159915,163940,66219,47829,63107,63248,64870,62085,37388,30026,84264,1001256,0.009946590410482292
Austria,Klagenfurt,KLU,224846,15412,15045,18224,17209,20050,19851,24784,24567,21790,19854,15496,15343,227625,0.01235957055051018
Austria,Linz,LNZ,561259,26511,28185,32718,38014,52222,66086,63495,71314,61689,42163,27029,,509426,
Austria,Salzburg,SZG,1819520,223077,209211,194251,113273,129787,147155,158100,164749,146049,115276,89492,137889,1828309,0.004830394829405504
Austria,Vienna,VIE,22483158,1323682,1298459,1678451,1915233,2069731,2170898,2363785,2386256,2279800,2033802,1668865,1586092,22775054,0.012982873669259432
Belgium,"Major airports",,28902495,1830702,1864510,2218204,2660146,2856119,2844405,3278365,3260725,3032682,2812576,2236092,,28894526,
Belgium,"Brussels Charleroi",CRL,6439957,434760,432403,482316,623901,647720,598368,708098,734693,655322,656057,510314,472350,6956302,0.08017833038326194
Belgium,Brussels,BRU,21933190,1378449,1411776,1711849,2007157,2152448,2190598,2479194,2424013,2321679,2116504,1694200,1555114,23460018,0.06961267376063396
Belgium,Liege,LGG,298038,7504,8563,10590,11198,27293,29007,59823,67126,28575,18184,14275,,282138,
Belgium,Ostend,OST,231310,9989,11768,13449,17890,28658,26432,31250,34893,27106,21831,17303,,240569,
"Bosnia & Herzegovina",Sarajevo,SJJ,709901,43700,39908,50273,63064,80143,74855,89319,101307,79120,71255,51793,,744737,
Bulgaria,"Major airports",,7733054,325887,299249,338471,377332,520320,1000612,1421711,1487677,945624,444268,330542,,7491693,
Bulgaria,Bourgas,BOJ,2530368,12143,8708,9082,17614,86739,412118,693026,724282,341880,32150,11397,11181,2360320,-0.06720287325796093
Bulgaria,Sofia,SOF,3815192,291169,270622,304995,325790,352336,368440,393312,418846,400115,357978,289874,315466,4088943,
Bulgaria,Varna,VAR,1387494,22575,19919,24394,33928,81245,220054,335373,344549,203629,54140,29271,29617,1398694,0.008072106978480598
Croatia,"Major airports",,6639963,193465,181546,249431,416361,705736,891878,1210663,1234143,939976,592732,240767,,6856698,
Croatia,Dubrovnik,DBV,1584471,15743,13737,24142,90646,198168,245063,328400,335585,254454,148615,20964,18417,1693934,0.06908488700645199
Croatia,Pula,PUY,375322,817,753,1577,9118,30486,58803,85900,87329,56099,18409,1667,,350958,
Croatia,Split,SPU,1752657,24561,23335,33091,74950,182627,271006,433927,430777,288038,135163,29273,28652,1955400,0.11567751134420479
Croatia,Zadar,ZAD,496542,2021,1888,4928,43921,59322,68568,83998,96033,69738,51398,4608,1229,487652,-0.017903822838752803
Croatia,Zagreb,ZAG,2430971,150323,141833,185693,197726,235133,248438,278438,284419,271647,239147,184255,170402,2587798,0.06451208179776713
Cyprus,Larnaca,LCA,5320173,199794,180638,234378,368555,521069,611487,769052,798621,668381,530448,286690,,5169113,
Cyprus,Paphos,PFO,2095811,73540,70772,112975,204362,248111,244954,284504,303612,280245,244242,127193,,2194510,
"Czech Republic",Brno,BRQ,486134,15694,16064,18409,18821,26109,71659,93192,86795,66704,24572,15347,,453366,
"Czech Republic",Prague,PRG,11149926,615969,608609,787151,931752,1063531,1226543,1358728,1377442,1269228,1067602,858034,866339,12030928,0.07901415668588285
Denmark,"Major airports",,30310068,1941270,1963733,2387668,2495050,2734461,3010731,3279945,3053108,2959866,2933092,2377734,2204237,31340895,0.03400939252264301
Denmark,Aalborg,AAL,1408754,97719,96911,104941,111780,130559,144806,135943,133831,146791,137268,114631,101316,1456496,0.033889522230282854
Denmark,Aarhus,AAR,422145,25320,25683,31780,30916,34290,35497,26021,27727,36695,33961,31725,25221,364836,-0.1357566712859326
Denmark,Billund,BLL,2852076,162556,163939,197129,223900,268458,300900,390290,315593,294852,285310,162090,144214,2909231,0.020039788561034166
Denmark,Copenhagen,CPH,25627093,1655675,1677200,2053818,2128454,2301154,2529528,2727691,2575957,2481528,2476553,2069288,1933486,26610332,0.03836716868354917
Estonia,Tallinn,TLL,2017291,128089,122462,162797,174527,201530,217812,231251,234237,207426,207276,145679,133577,2166663,0.07404583671864895
Finland,"All airports",,19691593,1446145,1480040,1719030,1631424,1679628,1798789,1755069,1769011,1749395,1817174,1555920,1684879,20083297,0.01989194068758171
Finland,Helsinki,HEL,15948760,1156040,1164799,1354907,1323125,1383795,1524116,1552497,1515092,1443082,1486319,1260379,1261153,16422266,0.029689204677981307
Finland,Ivalo,IVL,142719,15429,19256,22983,7196,2704,5375,6089,7389,8432,5160,13892,41303,155208,0.08750761986841282
Finland,Joensuu,JOE,138219,8289,9982,14428,14096,11617,9706,6160,8962,12976,15554,11945,10011,133726,-0.032506384795143894
Finland,Kittila,KTT,234792,34537,37058,45358,14705,2621,2206,2134,254,5689,3503,11520,67167,226819,-0.033957715765443486
Finland,Kuopio,KUO,260634,16417,19368,22589,23526,20671,17014,10040,14981,22691,26122,20962,17845,232267,-0.1088384477850165
Finland,Oulu,OUL,960547,70528,77321,85898,83736,95162,85144,57419,75359,88797,99237,88204,76092,982723,0.023086845307933812
Finland,Rovaniemi,RVN,444561,45932,47179,46997,30532,27164,30117,27413,31187,28946,31816,37050,94009,478347,0.07599856937518146
Finland,Tampere,TMP,412609,20352,19884,25270,38985,39704,37086,36009,34886,37461,36913,17713,12819,357082,-0.13457534857455844
Finland,Turku,TKU,297858,20633,21606,25918,28369,28080,29864,21340,25129,28706,30653,27750,24082,312105,0.04783151703160571
Finland,Vaasa,VAA,325886,21585,23108,27665,27569,30983,19575,1938,21098,28434,31456,26597,22429,282437,-0.13332576422429931
France,"Top 15 airports",,149077345,10220226,9935380,11661893,12823643,13995865,14253098,15600051,15729081,14127680,13802022,10533861,,142682800,
France,Ajaccio,AJA,1366144,48969,47440,55258,102705,149191,150461,196850,230818,157547,108750,52516,,1300505,
France,Bastia,BIA,1162805,50924,45236,52756,87128,117840,124244,168521,200576,139625,92421,51655,60347,1191866,0.0249921525965231
France,Bergerac,EGC,277312,,,,,,,,,,,,,0,
France,Biarritz,BIQ,1064402,53844,57462,66442,85669,92784,110283,129882,127054,100696,94946,58879,,977941,
France,Bordeaux,BOD,4952111,314413,324052,387632,446478,497567,524341,555538,529806,520722,488515,355036,371338,5331648,0.07664145654247245
France,Brest,BES,998387,67272,67782,76798,86418,94428,97093,98725,95185,88191,88302,68481,71418,1000192,0.001807916168780288
France,Clermont-Ferrand,CFE,424653,26375,26948,31880,35324,40992,42418,36889,32448,37409,35669,28269,,374621,
France,Dinard,DNR,114613,4784,5090,6552,14576,15727,12138,16660,17096,14336,12214,5438,5304,129919,0.13354506033347002
France,Lille,LIL,1596700,76988,81519,94971,111458,168251,164314,175769,167150,169913,139685,91473,,1441491,
France,Lyon,LYS,8467093,581311,597009,674453,766062,795653,787301,856244,862564,778485,787075,681051,,8167208,
France,Marseille,MRS,8187191,528842,516234,614541,705693,779323,762455,842641,882635,757493,752187,553025,569861,8264930,0.009495198047779763
France,Montpellier,MPL,1445273,91723,92692,105770,117227,132391,144951,163036,158158,144083,131303,107740,121112,1510186,0.04491400586601979
France,Nantes,NTE,4157284,236404,252226,287144,378703,445036,445953,473498,501399,425298,401177,264628,,4111466,
France,Nice,NCE,11660208,598788,625890,817433,995916,1205439,1241567,1425423,1389648,1208736,1109794,693736,703583,12016730,0.0305759554203493
France,"Paris Beauvais",BVA,4024201,297496,286514,331467,388515,419610,398802,416411,429122,390219,403375,287602,281046,4330019,0.07599471298774585
France,"Paris CDG",CDG,63813756,4668323,4348787,5096477,5417517,5807114,5960295,6573239,6689203,5928041,5823123,4624477,4834692,65766986,0.030608290789214898
France,"Paris ORY",ORY,28862586,2054083,2020781,2353023,2491515,2629974,2643206,2908629,2941433,2659749,2674190,2052728,2235907,29664993,0.02780093925055782
France,Pau,PUF,621492,45247,47008,51997,53275,57495,59721,55117,44743,54902,60069,51305,53156,634035,0.020182077967214385
France,Rennes,RNS,502138,32502,32678,35745,41062,46971,53471,60926,61464,50008,48176,36070,38936,539552,0.07450939781494337
France,Strasbourg,SXB,1167612,71771,71763,84771,94931,115483,116704,120968,106952,114134,112356,77202,103354,1190389,0.019507336341181736
France,Toulon,TLN,550781,27455,26917,32634,38898,48778,50880,63474,64506,50289,44632,29279,,477742,
France,Toulouse,TLS,7517736,528044,547433,618215,650413,694972,731589,691527,648196,702295,703573,566148,586637,7669054,0.020128134321290236
Georgia,Batumi,BUS,213729,7473,6340,7418,8233,11473,22048,39814,49550,34514,17502,12135,,216500,
Georgia,Tbilisi,TBS,1575707,105526,89515,112882,125125,151548,164903,215920,255797,211764,171044,123709,,1727733,
Germany,"All airports (ADV)",,208512215,13289936,13209486,16302187,17559116,19881927,20347652,21550377,21968860,21337914,21084739,15352531,,201884725,
Germany,Allgäu-Memmingen,FMM,750334,42988,38380,48961,79356,86021,88027,92847,100061,97157,98743,56180,54769,883490,0.1774623034541951
Germany,"Berlin Schönefeld",SXF,7292517,489762,537362,644788,670880,707905,738314,728066,735296,783430,855169,825877,,7716849,
Germany,"Berlin Tegel",TXL,20688016,1314644,1363152,1680080,1735723,1908067,1941586,1973214,1953986,2021016,2003350,1612962,,19507780,
Germany,Bremen,BRE,2773129,158495,158245,197721,228576,251840,244540,262602,265452,266342,283233,178153,,2495199,
Germany,"Cologne Bonn",CGN,9450493,528773,529106,694296,787157,969848,989811,1055087,1081123,1094468,1078851,787581,,9596101,
Germany,Dortmund,DTM,1965723,120359,115646,145227,177763,190713,182395,201517,198951,190221,188323,136571,,1847686,
Germany,Dresden,DRS,1756459,91148,94516,119552,130866,161444,169755,173102,172212,186044,186924,120541,,1606104,
Germany,Düsseldorf,DUS,21850489,1329166,1326203,1697734,1714948,2077438,2150529,2297243,2344943,2265684,2242480,1593259,,21039627,
Germany,Erfurt,ERF,226586,6593,7757,12303,15724,21904,25841,24751,31525,32312,34708,11678,,225096,
Germany,Frankfurt,FRA,59566132,4062871,3838312,4607099,5060283,5610319,5743978,6245101,6308634,5804117,5711276,3941680,4098352,61032022,0.02460945424490557
Germany,Friedrichshafen,FDH,591343,28529,33214,36637,44740,52999,60897,62114,68785,61620,55073,30208,,534816,
Germany,Hahn,HHN,2447140,150546,143963,172107,245593,256309,251417,272264,291928,263771,270235,172017,,2490150,
Germany,Hamburg,HAM,14760280,945337,974319,1247948,1320132,1426414,1405968,1525992,1513392,1483321,1539838,1158013,,14540674,
Germany,Hannover,HAJ,5291882,289706,282442,402339,434360,512048,537323,562666,589699,572975,581355,381986,305770,5452669,0.030383708480272276
Germany,Karlsruhe/Baden-Baden,FKB,983451,39068,38054,51678,93160,111491,116819,122374,132360,128572,115656,59703,,1008935,
Germany,Leipzig/Halle,LEJ,2328341,114130,119927,145461,162180,232407,239612,245613,270180,268151,265301,144956,,2207918,
Germany,Lübeck,LBC,182303,,,,,,,,,,,,,0,
Germany,Munich,MUC,39716877,2699925,2711775,3248360,3328186,3676627,3751614,3938697,3957207,3955791,3871793,3012207,2830202,40982384,0.03186320515583341
Germany,Münster/Osnabrück,FMO,894390,33671,36480,48374,61554,79338,84020,96721,99387,96042,100899,45608,,782094,
Germany,Nürnberg,NUE,3257348,188612,199516,242000,256519,308915,334292,334236,390006,380836,326611,227934,,3189477,
Germany,Paderborn/Lippstadt,PAD,763872,28695,29192,45217,52458,79049,90682,91631,98856,96865,96273,42365,,751283,
Germany,Saarbrücken,SCN,397678,17909,18500,26481,29939,43727,58024,55985,61748,60832,54588,22946,,450679,
Germany,Stuttgart,STR,9718438,549884,553665,720535,823193,1000426,1037340,1074751,1194652,1129212,1016617,748933,,9849208,
Germany,Weeze,NRN,1807543,102113,98140,116250,185182,202699,192895,206650,208538,196292,206186,97353,,1812298,
Gibraltar,Gibraltar,GIB,415103,24355,25105,31224,33461,39935,42132,46608,47359,45270,43760,33875,31252,444336,0.07042348525546682
Greece,"All airports",,44963435,1618218,1486263,1802464,2799690,4721373,6319345,7802876,8248268,6491380,3977384,1979401,,47246662,
Greece,Alexandroupolis,AXD,158392,12242,10618,11927,14180,14933,16672,17155,17858,16018,13209,11713,,156525,
Greece,Araxos,GPA,146386,0,0,328,6355,37248,19827,26793,29396,22050,5515,0,,147512,
Greece,Athens,ATH,15127465,972093,901786,1096610,1451522,1648184,1875848,2133981,2143046,1851499,1572630,1202491,,16849690,
Greece,Chania,CHQ,2507264,61539,58705,69357,154099,298433,375386,476839,486016,379159,248234,74449,,2682216,
Greece,Chios,JKH,184979,12090,10810,12233,14733,14417,18245,24130,27752,20725,13883,13065,,182083,
Greece,Corfu,CFU,2379630,15040,13411,17639,64078,239464,401219,515893,559236,410208,164591,20799,,2421578,
Greece,Heraklion,HER,6131033,69091,61346,76880,251595,648172,899787,1150880,1260716,993606,565528,88062,,6065663,
Greece,Kalamata,KLX,237436,793,634,3098,7549,19654,31585,36023,40990,30019,14053,3303,,187701,
Greece,Karpathos,AOK,206909,3606,2594,3322,5821,14155,34057,51216,55320,39241,8654,2902,,220888,
Greece,Kavala,KVA,224668,6221,5558,5987,8481,21198,37090,46742,51252,38327,13040,6589,,240485,
Greece,Kefallinia,EFL,478886,2210,1699,2438,6389,46351,88353,112835,123931,89091,14655,2392,,490344,
Greece,Kos,KGS,2212018,11957,10425,13580,40963,238922,346686,453981,490709,350055,160296,13258,,2130832,
Greece,Mykonos,JMK,776197,4294,4630,6764,18972,72621,131814,213672,241206,134694,34544,5640,,868851,
Greece,Mytilene,MJT,459837,21175,17004,21276,28836,47144,59418,68887,74015,57907,32571,26731,,454964,
Greece,Preveza/Lefkas,PVK,360644,177,212,141,2024,35882,71939,89682,96365,71286,19296,605,,387609,
Greece,Rhodes,RHO,4551213,48675,42173,51556,164826,471797,680514,889362,964913,740605,400423,66077,,4520921,
Greece,Samos,SMI,396240,8801,7762,8675,14405,36619,63551,74810,85155,63874,20956,9690,,394298,
Greece,Santorini,JTR,1179078,11425,13667,23395,72027,155007,226023,281757,300986,229811,114219,37085,,1465402,
Greece,Skiathos,JSI,315256,472,440,551,1647,29339,65125,93105,103674,66064,4173,493,,365083,
Greece,Thessaloniki,SKG,5168491,330160,299796,348404,418984,463972,575396,655840,689763,582701,472400,366051,,5203467,
Greece,Zakinthos,ZTH,1187779,1549,1267,1684,8245,115135,232171,305199,315412,236593,47235,1947,,1266437,
Hungary,Budapest,BUD,9155961,626195,599803,743031,840486,895299,966297,1081528,1085608,1017506,938746,758417,746047,10298963,0.1248369231804285
Iceland,Keflavik,KEF,3865722,230985,230348,282675,298267,399576,568833,662729,660750,487508,412425,314526,306879,4855501,0.2560398807777693
Ireland,"Major airports",,26199296,1693574,1710483,2110499,2379400,2659377,2985435,3241480,3148981,2739410,2690061,2117331,,27476031,
Ireland,Cork,ORK,2144476,117506,121150,141999,167509,190045,224898,243553,223655,188517,189389,133044,129945,2071210,-0.03416498948927382
Ireland,Dublin,DUB,21712173,1456413,1471218,1819067,2017253,2239988,2495217,2694576,2645303,2318403,2282694,1835759,1773444,25049335,0.15370004651307823
Ireland,Knock,NOC,703332,32388,37614,44164,62610,67003,70778,85524,79956,64011,63043,42339,,649430,
Ireland,Shannon,SNN,1639315,87267,80501,105269,132028,162341,194542,217827,200067,168479,154935,106189,105795,1715240,0.04631507672411961
Italy,"All airports",,150254202,9478876,9098456,11108519,13059624,14039859,15140750,16832393,17131159,15748194,14070290,10592336,,146300456,
Italy,Alghero,AHO,1637812,79883,73100,92515,142001,161603,188405,220145,231783,191436,133733,72297,,1586901,
Italy,Ancona,AOI,473854,30831,24369,29489,49276,47651,53918,62201,64703,56864,47998,25926,,493226,
Italy,Bari,BRI,3674028,246878,241991,289950,338405,359693,367215,399960,399600,383388,364486,291790,,3683356,
Italy,Bologna,BLQ,6572484,447601,398074,504340,571019,608793,637310,693089,704840,673242,601612,518289,,6358209,
Italy,Brindisi,BDS,2160827,132205,131917,153362,192744,206929,227336,253524,237389,226455,197573,145077,,2104511,
Italy,Cagliari,CAG,3633750,189509,172813,208050,284166,327254,400582,465332,498384,414200,313666,211975,,3485931,
Italy,Catania,CTA,7300246,400974,384082,484158,618520,688599,694419,763434,779091,723759,658853,452319,,6648208,
Italy,Cuneo,CUF,235478,15965,11428,8027,9401,8723,4581,5070,12675,18748,14362,8033,,117013,
Italy,Florence,FLR,2240049,140396,124199,156848,223066,247796,249511,258727,255697,247143,226108,156343,,2285834,
Italy,Genoa,GOA,1261751,80906,75191,93652,125374,129652,134393,145249,138742,140365,122773,81694,,1267991,
Italy,"Lamezia Terme",SUF,2411093,137561,126523,157797,178308,202650,231170,271422,277374,242095,202980,155746,,2183626,
Italy,"Milan Bergamo",BGY,8772530,718911,677182,766864,885712,915893,948425,1013243,1055358,945941,923613,782006,,9633148,
Italy,"Milan Linate",LIN,8986894,634755,643087,750110,806366,829259,891774,971568,849003,940413,895152,728875,,8940362,
Italy,"Milan Malpensa",MXP,18838661,1231991,1154601,1427858,1537231,1603305,1740468,1880132,1953980,1808059,1650302,1293141,,17281068,
Italy,Naples,NAP,5948970,323404,316146,401027,535780,612603,628489,682498,705337,650846,576222,353403,,5785755,
Italy,Olbia,OLB,2106725,38873,35719,39711,101637,174315,299766,457662,514287,311285,141185,53587,,2168027,
Italy,Palermo,PMO,4566730,265769,235234,300689,407752,453361,472185,557127,576870,517644,437142,326782,,4550555,
Italy,Parma,PMF,203708,11163,9520,11796,18174,19847,21137,22269,18855,19854,17681,7716,,178012,
Italy,Perugia,PEG,204447,7829,7177,9320,25868,28204,29398,37102,43335,33554,25417,14714,,261918,
Italy,Pescara,PSR,553539,35399,35061,40274,52067,55361,57787,64135,61447,59893,59834,43585,,564843,
Italy,Pisa,PSA,4676013,253231,251276,306422,413349,458523,483157,559397,596208,496193,434213,278397,,4530366,
Italy,"Reggio Calabria",REG,517586,31332,30061,36917,39220,39919,45737,49791,55695,46927,41615,36447,,453661,
Italy,"Rome Ciampino",CIA,4989388,409638,397645,444452,443209,532811,633286,629211,488451,466178,481334,448421,,5374636,
Italy,"Rome Fiumicino",FCO,38506467,2435645,2372235,3048419,3443981,3524752,3662188,4164513,4393525,4076579,3725153,2828360,,37675350,
Italy,Trapani,TPS,1597100,81028,76067,90246,153155,161045,165901,171250,186607,172443,157442,87301,,1502485,
Italy,Treviso,TSF,2243593,161429,160420,179354,211711,216207,214890,230024,229452,214261,216954,176543,,2211245,
Italy,Trieste,TRS,738017,42876,44164,53087,63267,67316,69817,75553,70673,75462,68237,56282,,686734,
Italy,Turin,TRN,3424195,273043,282364,308975,307533,304431,334773,349868,324141,327274,299716,267394,,3379512,
Italy,"Venice Marco Polo",VCE,8461649,456865,473994,567130,703830,832166,899608,987226,997910,928480,821781,552778,,8221768,
Italy,Verona,VRN,2769128,158593,128211,141597,171444,217133,314603,352375,371036,304863,181096,110869,,2451820,
Kosovo,Pristina,PRN,1427272,108611,88280,103540,128125,130483,131949,194590,215470,138196,127737,103918,,1470899,
Latvia,Riga,RIX,4814138,320991,295057,371104,408275,465782,516308,555687,548112,470355,448376,382236,382141,5164424,0.0727619357816498
Lithuania,Kaunas,KUN,724315,44115,39415,44966,65591,67055,69298,77254,85253,74477,77311,51582,50967,747284,0.03171134106017415
Lithuania,Palanga,PLQ,132929,9333,8930,9607,10396,10723,14068,17110,16952,13422,13053,10710,11137,145441,0.09412543538279827
Lithuania,Vilnius,VNO,2952858,203500,192648,229500,263154,320614,325562,325115,331917,327657,325693,250710,,3096070,
Luxembourg,Luxembourg,LUX,2457713,142839,150276,179052,236210,250589,246612,271905,295000,266271,245433,200413,,2484600,
Macedonia,Skopje,SKP,1210509,88293,80095,95747,110002,117658,118714,164666,173821,146290,132895,110287,,1338468,
Malta,Malta,MLA,4294323,208903,208896,275334,392676,441943,459280,547973,585218,502896,464557,283498,,4371174,
Moldova,Chisinau,KIV,1781169,151984,111089,117093,159981,199626,242398,264542,276775,217995,172592,149845,,2063920,
Montenegro,Podgorica,TGD,701596,39273,34374,42782,51022,58495,74838,101950,112879,83504,59552,45021,,703690,
Montenegro,Tivat,TIV,910534,20438,14149,19016,31634,56760,131870,199919,213853,131517,33944,19192,,872292,
Netherlands,"Major airports",,60600986,4058700,3963605,4638550,5292857,6021634,5932520,6524530,6564669,6077110,5905196,4685021,4645070,64309462,0.061194977916696036
Netherlands,Amsterdam,AMS,54978023,3725912,3606908,4198130,4772442,5382871,5323947,5917674,5940600,5469037,5329211,4327970,4290696,58285118,0.06015303605951772
Netherlands,Eindhoven,EIN,3935389,246762,253507,311943,382806,440697,420776,443075,453125,422711,417492,269204,269560,4331658,0.10069373065788412
Netherlands,Groningen,GRQ,199646,10429,9915,10396,12888,28936,25847,30025,26494,25792,22352,8555,9081,220710,0.10550674694208739
Netherlands,"Maastricht Aachen",MST,283000,,,,,,,,,,,,,0,
Netherlands,Rotterdam,RTM,1687574,86026,103190,128477,137609,198066,187797,163781,170944,185362,158493,87847,84814,1692406,0.0028632818471960864
Norway,"All airports",,54547831,3600823,3780322,4341721,4339758,4720119,5274765,5137215,4927922,4952662,4903764,4293990,3703491,53976552,-0.010472992042525053
Norway,Alesund,AES,1119860,74049,79066,90775,88315,94937,103572,99861,96218,96378,99025,85122,72772,1080090,-0.03551336774239633
Norway,Alta,ALF,376863,22042,23906,34133,29388,35155,42259,44353,37211,35680,34116,29172,25705,393120,0.04313769194641015
Norway,Bardufoss,BDU,218451,15614,17964,13575,18913,20104,21625,22761,19960,19879,19034,18288,17308,225025,0.03009370522451249
Norway,Bergen,BGO,6216841,400871,419467,480383,489949,541363,590789,553027,564540,551620,547354,473740,405071,6018174,-0.0319562620308288
Norway,Bodo,BOO,1703597,113653,119224,151746,136455,149233,170178,156686,156000,154851,156459,145487,121190,1731162,0.0161804699116046
Norway,Bronnoysund,BNN,142539,8385,9638,12355,10460,11146,12047,12223,10662,11055,11465,10632,9568,129636,-0.09052259381642924
Norway,Floro,FRO,205830,14485,14598,16704,15042,14380,15415,13476,14839,15105,16100,14013,12797,176954,-0.1402905310207453
Norway,Hammerfest,HFT,172191,10097,9626,12180,13354,15450,16554,15550,16444,18021,18531,16817,12227,174851,0.01544796185631081
Norway,Harstad/Narvik,EVE,705874,42551,45480,52807,53035,65217,79025,84729,70289,59219,57310,51519,47971,709152,0.004643888286011366
Norway,Haugesund,HAU,694738,44083,47996,54547,55396,59500,61947,58620,59225,60722,60782,53319,43800,659937,-0.05009226499774011
Norway,Kirkenes,KKN,310350,19756,20947,23882,23367,27774,30971,31467,29730,27708,26922,25086,23456,311066,0.0023070726599001556
Norway,Kristiansand,KRS,1072025,75248,75187,88069,84788,94711,100740,86810,89462,101565,99431,89498,72715,1058224,-0.012873766936405406
Norway,Kristiansund,KSU,387471,26762,27043,29755,30813,32902,35707,32348,32674,32662,30940,27849,25362,364817,-0.05846631102714783
Norway,Leknes,LKN,106497,7349,7331,9789,8011,8314,9843,10405,9348,9488,9291,8483,7818,105470,-0.009643464135139945
Norway,"Mo I Rana",MQN,120137,7987,7643,11201,8871,9821,11298,9133,10438,11425,11894,11068,8871,119650,-0.00405370535305527
Norway,Molde,MOL,483582,33138,34524,37635,40111,47858,50801,49019,45790,46391,50610,43918,37214,517009,0.06912374736859528
Norway,"Moss Rygge",RYG,1806981,98666,105058,112381,140108,153652,153532,191873,163217,150942,153348,111460,107919,1642156,-0.09121567963359878
Norway,Orsta/Volda,HOV,123637,8738,8981,10561,9569,9548,9898,9036,9020,10105,10823,9800,8930,115009,-0.06978493493048199
Norway,Oslo,OSL,24269235,1603823,1688800,1936643,1983606,2150859,2433510,2427421,2274241,2303219,2244524,1932206,1693679,24672531,0.01661758188916962
Norway,"Sandefjord Torp",TRF,1774128,109831,119209,130610,125770,130502,142129,154676,141401,139524,132171,114307,102374,1542504,-0.13055653256134847
Norway,Stavanger,SVG,4721970,319437,325622,367229,363612,392219,436271,415697,402212,411975,407964,357230,300014,4499482,-0.04711762251772034
Norway,Stokmarknes,SKN,107262,8481,8511,10424,9252,9106,9420,6814,7847,9529,10061,9789,8166,107400,0.0012865693348995677
Norway,Svalbard,LYR,161223,8062,10706,16021,18336,13970,19005,22979,21430,12847,9948,6302,5978,165584,0.02704949045731686
Norway,Tromso,TOS,2006924,151751,160337,177772,151097,163570,189260,173865,166134,169140,174857,175468,155980,2009231,0.0011495203605118576
Norway,Trondheim,TRD,4416681,297085,316198,361496,344968,376964,419457,359583,389388,398321,412346,379286,297579,4352671,-0.01449278315549618
Norway,Vadso,VDS,101756,7729,7366,9285,8161,8529,9156,7650,8406,9164,9821,9385,7571,102223,0.004589409961083479
Poland,"Top 12 airports",,27244508,1821305,1808344,2107250,2350084,2707394,3137631,3425866,3355384,3085477,,,,23798735,
Poland,Bydgoszcz,BZG,289329,21693,23437,12364,26356,28385,40764,39058,38325,33167,30626,23340,23564,341079,0.1788621258152483
Poland,Gdansk,GDN,3288180,221805,224103,275402,291483,312897,348774,428539,413290,365290,313201,261471,,3456255,
Poland,Katowice,KTW,2695732,145170,147397,173173,193969,242682,367143,427170,423834,360686,241683,170911,175713,3069531,0.13866326474590207
Poland,Krakow,KRK,3819825,261980,260715,301698,350113,392527,406782,430657,417278,407365,375026,311204,305826,4221171,0.10506921128585733
Poland,Lodz,LCJ,253772,16166,14305,16038,23325,25119,27835,34800,35426,32954,22212,19479,19969,287628,0.13341109342244217
Poland,Lublin,LUZ,187574,13129,11524,12529,16577,18666,24629,27893,27216,29328,29726,25600,28204,265021,0.4128877136490132
Poland,Poznan,POZ,1445350,81243,83824,95705,105820,137713,194240,208883,205519,128581,73422,92792,93176,1500918,0.03844605112948418
Poland,Rzeszow,RZE,599531,39363,39403,47798,52785,57440,60171,67889,70217,62243,57032,44118,46646,645105,0.07601608590715081
Poland,Szczecin,SZZ,287065,22536,21856,24822,31996,37637,40384,45142,47145,42153,,,,313671,
Poland,Warsaw,WAW,10590473,689930,673923,804300,847468,1010088,1147929,1216500,1200960,1158000,954200,777000,,10480298,
Poland,"Warsaw Modlin",WMI,1703324,166348,166200,181650,232125,243798,239094,243236,227683,227756,,,,1927890,
Poland,Wroclaw,WRO,2084353,141942,141657,161771,178067,200442,239886,256099,248491,237954,199411,,,2005720,
Portugal,"Top 3 airports",,31239004,1929700,1851826,2320871,2932786,3178028,3393986,3798734,3958872,3557831,3270295,2222397,,32415326,
Portugal,Faro,FAO,6166954,152476,183502,278036,545123,726580,789711,905032,934676,805716,703569,236572,,6260993,
Portugal,Funchal,FNC,2459793,166586,163031,214159,230509,221532,230621,263269,291370,240622,220024,182444,,2424167,
Portugal,Lisbon,LIS,18142245,1285286,1205957,1488220,1692866,1727581,1854392,2071030,2122504,1962099,1830331,1422729,,18662995,
Portugal,"Ponta Delgada",PDL,978810,55532,51803,65966,103037,113618,130614,157635,168409,134587,105246,90886,,1177333,
Portugal,Porto,OPO,6929805,491938,462367,554615,694797,723867,749883,822672,901692,790016,736395,563096,,7491338,
Romania,"Major airports",,11070633,812312,765137,897670,1036137,1076439,,,,,,,,4587695,
Romania,Bacau,BCM,313376,20601,18370,19767,32418,33171,37601,43543,45597,41177,30719,20458,21070,364492,0.1631139589502706
Romania,"Bucharest Otopeni",OTP,8316705,596554,559446,652332,755999,786887,864092,947028,965180,906379,812676,719923,,8566496,
Romania,"Cluj Napoca",CLJ,1182047,91624,87410,106922,120510,124649,144193,162828,159930,153595,126272,105328,,1383261,
Romania,Iasi,IAS,273047,22501,21185,24100,28747,28415,33450,36000,,,,,,194398,
Romania,Sibiu,SBZ,250400,19296,18797,22069,23334,25152,29221,32964,32980,31808,29394,22939,,287954,
Romania,"Targu Mures",TGM,343521,,,,,,,,,,,,,0,
Romania,Timisoara,TSR,735058,61736,59929,72480,75129,78165,,,,88662,78127,71372,,585600,
Russia,"Selected major airports",,97504460,6419578,5581189,6588362,7014567,8419462,9911063,11347441,,,,,,55281662,
Russia,Ekaterinburg,SVX,4481569,259467,223031,259562,277766,,,,,,,,,1019826,
Russia,Kazan,KZN,1941556,95874,93291,110001,124830,152425,191841,211473,222274,193005,160502,133353,,1688869,
Russia,Khabarovsk,KHV,2038000,,,,,,,,,,,,,0,
Russia,"Moscow Domodedovo",DME,33039531,2043476,1675099,1999663,2142198,2693068,3179681,3683309,3812461,3095739,2393121,1867020,,28584835,
Russia,"Moscow Sheremetyevo",SVO,31567974,2143462,1966712,2267880,2354097,2617699,3020814,3378214,3379829,2988791,2840087,2340476,,29298061,
Russia,"Moscow Vnukovo",VKO,12733000,1006762,896332,1097141,1217293,1452191,1659186,1964989,,,,,,9293894,
Russia,Novosibirsk,OVB,3957667,257191,215819,245536,239088,297913,367800,431951,443991,370713,306407,260010,,3436419,
Russia,Rostov-on-Don,ROV,2342000,,,,,,,,,,,,,0,
Russia,Samara,KUF,2377000,,,,,,,,,,,,,0,
Russia,"St Petersburg",LED,14264732,872813,733936,868141,937061,1206166,1491741,1677505,1688410,1398728,1062190,797257,793903,13501440,-0.0535090319257312
Russia,Vladivostok,VVO,1792000,,,,,,,,,,,,,0,
Russia,Volgograd,VOG,757775,44321,49524,61815,67183,85743,91432,99696,100371,91201,78448,,,769734,
Serbia,Belgrade,BEG,4638577,308381,264813,315283,381401,406121,461490,564629,574654,491656,401940,299279,,4469647,
Slovakia,Bratislava,BTS,1355625,68008,65676,82151,97842,106088,167565,252512,248248,174273,111966,91690,98292,1564311,0.15394080221300133
Slovakia,Kosice,KSC,356750,17006,16649,20650,20517,21134,47537,71656,69146,44139,29619,,,358053,
Slovenia,Ljubljana,LJU,1307379,73096,72265,90902,112310,128411,149541,171772,179773,157508,128478,93944,80304,1438304,0.10014311075824223
Spain,"All airports",,195861278,11537354,11448554,14374136,16807969,18718653,20161382,23105396,24001019,21025290,19122326,13763231,13348831,207414141,0.05898492605567496
Spain,"A Coruna",LCG,988834,68847,73791,86020,83656,86290,90184,100193,89671,94397,90810,80866,80963,1025688,0.03727015859082505
Spain,Alicante,ALC,10065873,498596,503823,669004,924741,1014650,1073957,1250395,1260839,1097645,1027071,645520,608243,10574484,0.05052825522436066
Spain,Almeria,LEI,744847,24992,32981,50024,61172,63383,74768,89483,87819,78671,64510,33605,30080,691488,-0.07163753092917069
Spain,Asturias,OVD,1065570,61480,62570,86583,92213,91807,107506,127838,126298,112945,90312,73177,86544,1119273,0.050398378332723315
Spain,Barcelona,BCN,37559044,2203277,2218651,2892410,3329318,3604942,3815345,4257534,4399719,3974609,3621777,2788922,2604772,39711276,0.05730262996044311
Spain,Bilbao,BIO,4015352,230289,254874,318483,376014,368297,405693,468781,454168,417471,380728,307178,295454,4277430,0.06526899758726001
Spain,"El Hierro",VDE,148864,10373,11181,11784,12406,11637,11491,13028,15515,13368,12466,11936,11605,146790,-0.013932179707652592
Spain,Fuerteventura,FUE,4764632,369743,363147,418998,399342,383851,387631,453761,515078,421260,482981,432201,398909,5026902,0.05504517452764457
Spain,Girona,GRO,2160646,49334,48500,69778,169408,201979,215985,253564,255075,217884,182853,62612,48346,1775318,-0.17833925594474986
Spain,"Gran Canaria",LPA,10315732,981267,914422,1007824,871190,703620,692616,821842,862932,760953,935818,1023833,1050865,10627182,0.030191749843830662
Spain,Granada,GRX,650544,46904,49264,59682,62176,61649,65900,59155,55748,67646,66688,54472,57984,707268,0.08719471703681836
Spain,Ibiza,IBZ,6211882,106430,112930,164527,298152,638347,927196,1182692,1300505,980867,489874,136149,139614,6477283,0.04272473301971935
Spain,"Jerez de la Frontera",XRY,758004,22332,27228,48486,74517,91967,92502,97274,104879,98102,95381,42263,28246,823177,0.08597975736275787
Spain,Lanzarote,ACE,5883039,451791,442078,516028,504468,489252,499615,563543,619387,506026,561295,497334,473504,6124321,0.041013156635541614
Spain,"La Palma",SPC,862836,73905,75047,83445,80986,78187,74956,94160,88390,76258,80054,81312,84976,971676,0.12614216374838327
Spain,Madrid,MAD,41833374,3148972,2997465,3660006,3804397,3998671,4139733,4595443,4550487,4331642,4271663,3679466,3650334,46828279,0.11940000345178947
Spain,Malaga,AGP,13749134,644750,674688,900448,1294166,1449149,1478204,1705187,1736881,1534987,1431683,799691,754336,14404170,0.04764198239685502
Spain,Melilla,MLN,319603,23232,23909,27073,26639,26804,25725,29452,30428,28330,27193,23926,25095,317806,-0.005622600538793487
Spain,Menorca,MAH,2632615,45676,51521,74967,108615,255045,415175,556044,630522,425298,185031,56901,62687,2867482,0.08921433631579245
Spain,"Murcia San Javier",MJV,1095343,19154,18389,28551,113396,130033,144562,159592,155978,138688,115993,25033,18207,1067576,-0.025350050166934035
Spain,"Palma de Mallorca",PMI,23115499,564900,625652,951227,1741570,2628025,3030172,3503360,3775518,3114934,2371855,761464,676454,23745131,0.027238520786421194
Spain,Pamplona,PNA,138316,9532,10647,11931,13787,13414,14540,17435,11079,12434,13388,10536,9987,148710,0.07514676537783038
Spain,Reus,REU,850648,8807,7875,10511,27541,83639,123738,130410,130818,106555,59322,7982,7869,705067,-0.17114129463655947
Spain,"San Sebastian",EAS,245422,15064,16502,20850,22323,26423,25181,26113,17239,24482,24620,19265,17009,255071,0.039315953744978094
Spain,Santander,SDR,815636,39240,40701,52521,83741,83206,88464,107013,104768,97071,85613,48587,44995,875920,0.0739104208249759
Spain,"Santiago de Compostela",SCQ,2083873,126832,120061,157723,196481,195418,203523,253646,282505,236121,210265,149293,164380,2296248,0.10191360030097796
Spain,Seville,SVQ,3884146,250559,268318,346544,409251,414980,378524,395260,407458,405713,395850,318751,317734,4308942,0.10936664069785218
Spain,"Tenerife Norte",TFN,3638953,262627,257483,292838,308941,314709,321094,363266,396974,335747,331108,301295,329233,3815315,0.04846503925717105
Spain,"Tenerife Sur",TFS,9176274,817548,774818,879148,741576,632449,623938,713046,761430,677703,819330,847754,828897,9117637,-0.0063900663820631864
Spain,Valencia,VLC,4592512,271239,274603,360225,447450,446423,478017,548200,599869,490967,462775,342838,329265,5051871,0.10002347299255843
Spain,Valladolid,VLL,223587,9549,11243,15807,18984,24326,19472,23088,26354,21201,22770,12982,12517,218293,-0.0236775841171446
Spain,Vigo,VGO,680387,43564,44715,51710,52461,53529,66466,79651,76883,69360,64302,54150,56772,713563,0.048760484841715135
Spain,Zaragoza,ZAZ,418576,26208,29749,35852,38966,30301,35597,47214,49287,40903,33051,23726,33019,423873,0.012654810595925214
Sweden,"Top 21 airports",,40013378,2698847,2745643,3242923,3392324,3720058,3913463,3736791,3777182,3934823,3817294,3315318,2965307,41259973,0.03115445539239392
Sweden,Angelholm,AGH,397068,26185,27809,35193,35053,39333,38302,28367,32342,40667,40768,37900,29706,411625,0.03666122679238826
Sweden,"Gothenburg City",GSE,757693,939,87,171,101,50,195,12,28,108,170,168,92,2121,-0.9972007132176225
Sweden,"Gothenburg Landvetter",GOT,5205886,399541,394757,466037,505139,553739,598903,591524,563638,598671,579148,474726,432511,6158334,0.18295598482179587
Sweden,Halmstad,HAD,126147,8194,8515,10074,10120,11468,8880,5088,9133,13482,12205,13643,9157,119959,-0.04905388158259805
Sweden,Kalmar,KLR,213681,14757,16309,19008,17351,20750,21354,12713,16633,22952,22710,21721,16590,222848,0.042900398257215144
Sweden,Kiruna,KRN,269884,23044,28884,28447,19495,18777,19916,23218,25341,18926,15257,15960,20296,257561,-0.045660357783343986
Sweden,Linkoping,LPI,139542,10824,11212,13038,14835,14643,15696,12004,12108,15176,15683,12287,9840,157346,0.1275888263031919
Sweden,Lulea,LLA,1138626,79421,87727,96419,91368,114162,107608,92856,99773,110785,107578,102025,87409,1177131,0.033817074263190916
Sweden,Malmo,MMX,2084586,137045,136879,167198,171532,201215,198347,182583,208134,221968,201309,187105,156586,2169901,0.04092659165896739
Sweden,Norrkoping,NRK,131826,6413,5810,6406,5741,6196,12343,13841,15118,16460,9772,5630,5407,109137,-0.17211324018023755
Sweden,Ostersund,OSD,460588,34865,43473,50005,39790,42032,35070,21324,32541,42889,42807,41814,38206,464816,0.009179570462104936
Sweden,Ronneby,RNB,215109,13904,16283,19569,19358,20219,18568,9216,14743,22424,22306,22788,16926,216304,0.00555532311525786
Sweden,Skelleftea,SFT,319806,19466,21406,26323,26653,29082,26561,20730,25455,29402,29154,24766,21280,300278,-0.061062018848927146
Sweden,"Stockholm Arlanda",ARN,22417351,1533551,1542674,1812422,1891802,2053076,2223970,2196716,2168351,2145308,2092764,1811591,1670311,23142536,0.032349272668300566
Sweden,"Stockholm Bromma",BMA,2377798,169545,178763,230042,215091,231553,209832,141632,184508,248144,243449,246086,190134,2488779,0.04667385539057567
Sweden,"Stockholm Skavsta",NYO,1657335,93278,91195,104579,161843,168541,183610,211562,192000,179776,181743,123961,119642,1811730,0.09315859497325518
Sweden,"Stockholm Vasteras",VST,117390,5827,4728,5218,11400,11517,12152,14084,12477,10904,12656,6326,6434,113723,-0.03123775449356847
Sweden,Sundsvall,SDL,278549,17667,20551,23735,21882,27776,23775,10302,19562,32943,29152,25175,18833,271353,-0.025833874829922165
Sweden,Umea,UME,1035450,71923,73579,85236,87188,102883,91305,70244,81650,102257,101738,98332,80746,1047081,0.01123279733449234
Sweden,Vaxjo,VXO,178640,11156,12641,14731,15343,16266,19015,14409,18671,22804,18968,12192,9784,185980,0.04108822212270491
Sweden,Visby,VBY,407135,21302,22361,29072,31239,36780,48061,64366,44976,38777,37957,31122,25417,431430,0.059673081410343
Switzerland,"Major airports",,47154424,3433653,3360360,3990479,4139810,4227888,4243279,4897091,4913344,4439580,4467359,3391776,3608820,49113439,0.04154467033676412
Switzerland,Basel,BSL,6523874,386308,427702,514174,619973,676109,648546,732656,739752,688122,675886,480228,470673,7061059,0.08234141247976279
Switzerland,Bern,BRN,192846,6952,7868,8942,11849,18097,22391,25848,23107,,,,,125054,
Switzerland,Geneva,GVA,15152928,1297613,1262486,1487480,1334984,1254463,1282976,1490470,1478952,1290512,1339027,1016775,1236344,15772082,0.040860353853723774
Switzerland,Zurich,ZRH,25477622,1749732,1670172,1988825,2184853,2297316,2311757,2673965,2694640,2460946,2452446,1894773,1901803,26281228,0.03154164073868437
Turkey,"All airports",,165968041,11163110,10241606,11988453,13535906,16531141,17449800,19705253,21233675,18575722,16399910,12540255,11990930,181355761,0.09271495829730259
Turkey,Adana,ADA,4679878,429888,382435,403791,436413,441725,427036,470948,509924,470104,451618,436552,508826,5369260,0.14730768622600854
Turkey,Adiyaman,ADF,158768,12765,12363,13089,14387,17977,18389,17655,16412,16806,17720,16184,16997,190744,0.20140078605260503
Turkey,Agri,AJI,202824,16331,16123,15332,17132,17296,18546,19703,17387,21322,19282,90252,15100,283806,0.3992722754703586
Turkey,"Amasya Merzifon",MZH,137771,11290,11183,11891,13017,12292,12713,13208,12670,12230,12633,12535,11045,146707,0.06486125527142872
Turkey,Ankara,ESB,11012119,934896,885243,976959,1011248,1054366,1007753,1100161,1135651,1088892,1013956,955592,1162152,12326869,0.11939119074176374
Turkey,Antalya,AYT,28341063,720974,727991,1033948,1635053,2983462,3558222,4283440,4465453,3652512,2846526,1090754,725914,27724249,-0.02176396841572248
Turkey,"Antalya Gazipasa",GZP,726252,21350,22167,30670,56780,103815,115523,158921,138120,111264,96952,32344,27140,915046,0.25995659908681845
Turkey,"Balikesir Koca Seyit",EDO,207377,11614,8594,12138,14442,24424,35811,55727,60642,52459,23160,15027,7092,321130,0.5485323830511581
Turkey,Batman,BAL,435745,39566,34291,37444,12514,31484,7994,0,0,0,0,0,36218,199511,-0.5421381771448898
Turkey,Bingol,BGG,120460,12418,10700,11538,10633,10125,10408,11510,12054,11070,11321,12188,11583,135548,0.12525319608168695
Turkey,Bodrum,BJV,3860015,73736,67048,80792,148773,373202,548349,734806,795378,590516,299920,90292,74791,3877603,0.004556458977491129
Turkey,Dalaman,DLM,4276674,35068,34299,47568,138348,467406,676456,819229,881404,714011,435868,59574,67870,4377101,0.02348250065354529
Turkey,Denizli,DNZ,377202,32150,30846,35447,41248,47426,45574,44410,49199,41302,48943,38809,53693,509047,0.34953420183350037
Turkey,Diyarbakir,DIY,1808405,151315,141947,159731,180564,178688,183595,202160,196144,199315,158515,161353,157762,2071089,0.14525728473433763
Turkey,Elazig,EZS,907191,73286,66644,68595,67821,73645,77988,91414,99951,89304,80150,71676,95514,955988,0.05378911386907492
Turkey,Erzincan,ERC,295163,22130,20150,19943,22065,25040,25649,30615,29364,27577,25157,22686,25908,296284,0.0037979014984941273
Turkey,Erzurum,ERZ,992639,83592,75968,85500,87578,94339,89452,98424,100023,97760,99872,95716,76893,1085117,0.09316377857408376
Turkey,Gaziantep,GZT,2155670,176443,173001,182639,236881,237907,214520,240426,214038,231632,261993,231574,79925,2480979,0.1509085342376153
Turkey,Hatay,HTY,1104967,86115,78382,97697,94051,100731,105059,109747,106955,111090,102970,85331,93356,1171484,0.060198177864135394
Turkey,Igdir,IGD,197561,16015,14627,15652,17591,19282,19164,18458,21664,21095,19127,16317,13859,212851,0.07739381760570163
Turkey,Isparta,ISE,185439,6808,5132,47093,18697,12261,17402,35508,32083,38892,13414,7393,6333,241016,0.29970502429370316
Turkey,"Istanbul Atatürk",IST,56695166,4455364,3951146,4734167,4976290,5498661,5343719,5753026,6327938,5675510,5446304,4665187,4495417,61322729,0.08162182645342275
Turkey,"Istanbul Sabiha Gökçen",SAW,23508141,1875528,1744766,1959996,2153399,2416081,2441999,2769802,3090274,2726595,2499047,2227650,2207301,28112438,0.19585968112068075
Turkey,Izmir,ADB,10936772,844752,783684,864098,921697,992090,1156961,1197713,1312287,1147585,1071923,885731,961267,12139788,0.10999735570971025
Turkey,Kahramanmaras,KCM,187844,14114,14219,15238,19627,22308,20658,21059,23708,19852,20721,18323,18862,228689,0.21744106812035513
Turkey,Kars,KSY,385440,28418,16603,32237,32535,29240,33188,36006,60270,40933,34867,38061,42366,424724,0.1019198837691988
Turkey,Kayseri,ASR,1658458,138189,124674,138168,160699,183272,169493,196703,209765,192387,176040,140853,150004,1980247,0.1940290317873592
Turkey,Konya,KYA,988201,71614,76457,85091,86975,90645,86650,95965,109079,94361,93191,82348,95377,1067753,0.08050184122460924
Turkey,Malatya,MLX,630214,51534,50347,53318,65330,74429,68581,70674,72517,67451,66256,63719,63545,767701,0.2181592284525573
Turkey,Mardin,MQM,471064,39590,36933,38100,63318,46970,62126,48371,51885,51106,52129,48252,28817,567597,0.20492544537472623
Turkey,Mus,MSR,313757,27073,23777,25419,26830,27366,29723,30458,30269,31520,32058,30498,27962,342953,0.0930529039989545
Turkey,Nevsehir,NAV,298568,18839,18195,20941,30810,35567,36012,37578,37954,35938,32972,22962,31795,359563,0.20429181961898135
Turkey,"Samsun Carsamba",SZF,1520734,138223,119720,113050,138379,151814,138296,147622,190581,156577,146972,132387,143372,1716993,0.12905544296372673
Turkey,Sanliurfa,GNY,593438,51604,50486,54999,59291,62230,57212,57067,58946,62234,63146,59484,61030,697729,0.17574034692756446
Turkey,Sirnak,NKT,252247,22875,19700,22504,25645,25843,25459,28340,24717,11801,25109,23947,16636,272576,0.0805916423188382
Turkey,Sivas,VAS,429062,28961,33006,36001,46478,48914,50253,54756,58315,54399,47644,42747,31804,533278,0.24289263556315865
Turkey,"Tekirdag Corlu",TEQ,122197,8055,6958,7766,10008,10392,10614,23408,34242,17910,10319,7124,4724,151520,0.23996497459021082
Turkey,Trabzon,TZX,2821707,230951,215022,230735,259599,282162,283684,332089,388611,352615,292064,270214,223704,3361450,0.19128244002655137
Turkey,Van,VAN,1210650,107958,100017,115858,113319,118078,114545,122106,130522,133808,129583,110279,98255,1394328,0.15171849832734474
Ukraine,Dnepropetrovsk,DNK,446798,25500,22600,24500,24800,30100,31200,36400,36900,,,,,232000,
Ukraine,Kharkiv,HRK,437500,24600,15000,14500,20600,34300,39100,42300,45000,39959,35820,30464,,341643,
Ukraine,"Kiev Boryspil",KBP,6890443,,387125,459281,,628192,704758,796178,825667,760290,664264,509801,,5735556,
Ukraine,"Kiev Zhuliany",IEV,1090120,75300,72500,76400,76000,63700,84800,105400,111200,,,,,665300,
Ukraine,Lvov,LWO,585277,34909,30836,30616,36727,44346,57738,70456,76669,64779,47224,40657,,534957,
Ukraine,Odessa,ODS,864053,64812,53533,58332,65510,84551,94713,112354,116559,,75321,61805,,787490,
"United Kingdom","All airports",,241342288,15835792,15811851,18770821,20398250,22741269,24284416,26538641,27004752,24701236,22998840,17681377,,236767245,
"United Kingdom",Aberdeen,ABZ,3725387,249217,250380,282060,299804,297820,322471,343240,320065,279077,300933,246815,,3191882,
"United Kingdom","Belfast City",BHD,2555111,167662,187658,210413,222410,237893,250971,268793,272355,243667,239279,200081,192881,2694063,0.054381981839536575
"United Kingdom","Belfast International",BFS,4031700,237836,273539,331644,340930,393184,428783,470723,466666,415633,387193,330177,315641,4391949,0.08935411861001552
"United Kingdom",Birmingham,BHX,9698349,611171,629541,736735,770468,904484,989136,1071233,1138325,1042583,921150,691661,683030,10189517,0.050644496295194186
"United Kingdom",Blackpool,BLK,223998,1787,1949,1994,3068,3032,3752,2706,3362,3492,2841,2753,2286,33022,-0.8525790408842936
"United Kingdom",Bournemouth,BOH,660636,20847,20524,27292,52877,75607,87139,91455,99915,87653,79677,31415,31421,705822,0.06839772582783854
"United Kingdom",Bristol,BRS,6333532,361143,381074,447614,536266,652865,703144,746682,776404,712751,640190,412084,413070,6783287,0.07101171984289345
"United Kingdom",Cardiff,CWL,1019545,42024,44472,60508,57131,105638,132834,139778,149086,150130,148021,65020,,1094642,
"United Kingdom","City of Derry",LDY,350257,20381,22899,24140,22875,22661,23768,29219,25531,22137,24401,25192,21323,284527,-0.18766220232572084
"United Kingdom",Doncaster/Sheffield,DSA,724252,45034,40993,48677,55662,83243,98372,99435,102849,94001,82062,54879,,805207,
"United Kingdom","Durham Tees Valley",MME,142274,9857,10094,11979,12208,13115,12017,12033,11839,12570,12313,11282,,129307,
"United Kingdom","East Midlands",EMA,4506457,183624,202167,258386,362022,462846,513645,536792,560992,505646,436903,220757,202747,4446527,-0.013298695627185664
"United Kingdom",Edinburgh,EDI,10159890,625755,656970,791088,927772,1022899,1097412,1214499,1158178,1072603,1002808,793723,754018,11117725,0.09427611913121114
"United Kingdom",Exeter,EXT,766583,44205,46950,55153,60267,80125,91526,93237,95978,86777,74653,46628,46389,821888,0.07214482971837355
"United Kingdom",Glasgow,GLA,7712299,485768,510754,606223,665009,785129,905988,956786,878635,896226,836798,617699,569411,8714426,0.12993881590949719
"United Kingdom",Guernsey,GCI,860223,51176,55528,67486,69425,77184,77412,85010,87616,80556,75792,66099,64909,858193,-0.002359853200856077
"United Kingdom",Humberside,HUY,237331,15362,16517,17562,16834,19851,21311,21388,22037,21375,17850,15155,16200,221442,-0.06694869191129693
"United Kingdom",Inverness,INV,611770,43367,48478,55924,59234,62969,61375,65866,63315,57123,57212,48230,,623093,
"United Kingdom","Isle Of Man",IOM,728591,47013,52954,62511,61863,69244,82281,70340,72718,68103,67817,63453,63180,781477,0.0725866775735633
"United Kingdom",Jersey,JER,1474682,81026,89306,110707,120633,142384,148145,169688,179398,152956,135581,101549,102993,1534366,0.04047245440033853
"United Kingdom",Kirkwall/Lerwick,KOI,150877,9564,10173,11992,11802,13793,14968,15137,14124,13738,12620,11009,,138920,
"United Kingdom","Leeds Bradford",LBA,3263247,143150,162495,203271,264985,347166,392563,434634,451603,395719,328244,163186,,3287016,
"United Kingdom",Liverpool,LPL,3984024,249837,272024,320719,366322,399235,392660,426574,465626,393069,393368,310455,306874,4296763,0.07849827209876237
"United Kingdom","London City",LCY,3647824,297959,327047,370722,347167,342176,378745,406903,354539,401366,408386,354620,,3989630,
"United Kingdom","London Gatwick",LGW,38094845,2360879,2470384,2959233,3181366,3622183,3827722,4323443,4530105,4048915,3615627,2631814,2703759,40275430,0.057240946905020795
"United Kingdom","London Heathrow",LHR,73371195,5455306,4954482,5950209,6144035,6342606,6675186,7291749,7332844,6766092,6562401,5582121,5901000,74958031,0.021627506543950847
"United Kingdom","London Luton",LTN,10481618,656201,687299,839675,990058,1135701,1200059,1319865,1366850,1210239,1149972,845141,864824,12265884,0.1702281079123471
"United Kingdom","London Southend",SEN,1102544,55417,63339,74240,74506,82081,85304,93030,94290,86083,81664,51547,59923,901424,-0.18241448867346788
"United Kingdom","London Stansted",STN,19935161,1486023,1469449,1665751,1902609,2036149,2036839,2189389,2232131,2041801,2048111,1700642,1706606,22515500,0.12943657691051502
"United Kingdom",Manchester,MAN,21951758,1313750,1349876,1571570,1721527,2091976,2317142,2554961,2687161,2427811,2084652,1473803,1509721,23103950,0.05248745909097585
"United Kingdom",Newcastle,NCL,4513045,233325,246640,298691,330840,432316,500656,537180,547546,494672,414134,267748,255882,4559630,0.010322299024273063
"United Kingdom",Newquay,NQY,219167,11587,12591,16215,18887,24353,27983,33357,33910,25856,19180,13465,12942,250326,0.14217012597699474
"United Kingdom",Norwich,NWI,458931,26616,26283,29587,32424,44346,48285,46343,50500,51633,43233,29744,21729,450723,-0.017885041542192615
"United Kingdom",Prestwick,PIK,912400,19773,18393,24236,63845,69443,73913,87438,75085,73123,62960,21210,20185,609604,-0.3318676019289786
"United Kingdom",Scatsta,SCS,279799,20684,23807,23972,26324,23991,25306,24230,20644,21524,16436,14682,11706,253306,-0.09468582804084358
"United Kingdom",Southampton,SOU,1829685,110405,128207,147271,146056,153785,167484,184326,186844,165457,149293,119243,,1658371,
"United Kingdom",Stornoway,SYY,127219,8474,9412,10397,10317,11068,11471,11312,10636,11328,11025,10137,,115577,
"United Kingdom",Sumburgh,LSI,262626,15006,16169,20806,20993,21863,23976,25301,27647,27479,28756,21692,,249688,
