"Rest of the World Airport Traffic Trends 2015: Passenger numbers",,,,,,,,,,,,,,,,,
"Sources: AAI, Airports Company South Africa, BITRE, KAC, ONDA and individual airports",,,,,,,,,,,,,,,,,
,,,,,,,,,,,,,,,,,
Country,Airport,Code,"Pax 2014",Jan,Feb,Mar,Apr,May,Jun,Jul,Aug,Sep,Oct,Nov,Dec,"Pax 2015",vly
Australia,Adelaide,ADL,7699159,635469,573004,655927,656616,610230,575982,675280,630720,634159,0,0,0,5647387,
Australia,Albury,ABX,250000,17000,17400,21800,19900,20300,19400,21000,21700,20600,21900,0,0,201000,
Australia,"Alice Springs",ASP,621103,39279,39325,46890,50240,47291,50431,61048,57699,51752,0,0,0,443955,
Australia,Armidale,ARM,123500,8400,9200,11100,10600,10600,9900,10400,11100,10500,11300,0,0,103100,
Australia,"Ayers Rock",AYQ,275400,22600,22600,27800,25600,22800,23600,29300,30900,29100,30800,0,0,265100,
Australia,Ballina,BNK,414300,45400,31400,36100,39800,32200,32400,37500,34200,41600,44100,0,0,374700,
Australia,Brisbane,BNE,21948351,1796865,1580281,1805324,1805126,1720427,1745990,1991182,1855258,1907675,0,0,0,16208128,
Australia,Broome,BME,400900,22900,18900,25700,31900,36100,39200,47000,43300,37800,34500,0,0,337300,
Australia,Bundaberg,BDB,159000,11900,10200,13500,13200,13100,12600,13900,13100,14000,14700,0,0,130200,
Australia,Cairns,CNS,4318663,360636,329958,323764,353413,347120,356288,439738,428437,401925,439571,398856,0,4179706,
Australia,Canberra,CBR,2811822,181151,205201,251787,231630,242187,236598,246076,240361,242177,0,0,0,2077168,
Australia,"Coffs Harbour",CFS,361600,29200,24700,31400,28900,30500,27300,29000,28500,30500,32400,0,0,292400,
Australia,Darwin,DRW,2079311,150106,121314,146204,164090,168771,192663,222892,198680,183755,0,0,0,1548475,
Australia,Devonport,DPO,135900,13200,11800,12900,12600,11000,10500,12700,11300,11200,12600,0,0,119800,
Australia,Dubbo,DBO,211700,12700,14800,18000,15700,17400,16500,17100,17300,17900,17800,0,0,165200,
Australia,Emerald,EMD,246700,15300,15200,18000,18100,17300,18000,19300,17800,17700,18000,0,0,174700,
Australia,Geraldton,GET,129500,8000,9400,10400,10200,10500,9800,9800,9900,10000,11100,0,0,99100,
Australia,Gladstone,GLT,473674,34361,31541,36920,36264,33913,33320,35048,31179,33049,0,0,0,305595,
Australia,"Gold Coast",OOL,5828953,564122,424657,472805,487419,432575,434120,541122,487662,537670,0,0,0,4382152,
Australia,"Hamilton Island",HLT,486600,45500,35700,36900,37700,33300,34400,39000,42200,44900,47700,0,0,397300,
Australia,"Hervey Bay",HVB,158400,14300,10600,13200,13200,12400,12600,13700,14200,15100,15000,0,0,134300,
Australia,Hobart,HBA,2127981,225755,186006,199193,183667,162490,156018,173315,161551,170156,0,0,0,1618151,
Australia,Kalgoorlie,KGI,231500,15100,17600,20500,18500,19700,18800,19300,20800,20300,19800,0,0,190400,
Australia,Karratha,KTA,719306,49166,48714,51828,52583,50202,49995,55213,50149,51820,0,0,0,459670,
Australia,Kununurra,KNX,112100,7200,6400,7800,8500,9700,10100,11000,10500,9100,8300,0,0,88600,
Australia,Launceston,LST,1289182,131117,105078,117067,107596,94902,84871,101133,91516,93194,0,0,0,926474,
Australia,Mackay,MKY,972690,70552,61847,75432,76218,74597,72628,80366,74958,72682,75528,70395,0,805203,
Australia,Melbourne,MEL,31386527,2761136,2470962,2761467,2645955,2509777,2515890,2910121,2714899,2750804,0,0,0,24041011,
Australia,Mildura,MQL,239300,18200,17400,21100,19400,20600,19000,20300,19700,20100,21800,0,0,197600,
Australia,Moranbah,MOV,174300,11200,11600,13100,12700,12000,12000,11900,10900,11400,1100,0,0,107900,
Australia,"Mount Isa",ISA,239200,15700,15200,17600,17000,16700,16400,18300,17700,17700,17700,0,0,170000,
Australia,Newman,ZNE,370200,25200,27000,29100,28000,26800,30500,29000,27500,29500,26800,0,0,279400,
Australia,Paraburdoo,PBO,189600,13800,13500,14300,14400,13800,14000,14700,13500,14100,13900,0,0,140000,
Australia,Perth,PER,12895390,1133052,929116,1038399,1065541,966755,975771,1151145,1020257,1053970,0,0,0,9334006,
Australia,"Port Hedland",PHD,516347,35692,34477,36913,35217,33890,35092,37460,35708,36334,0,0,0,320783,
Australia,"Port Lincoln",PLO,190900,15900,15600,17700,15500,14900,14300,14600,14400,14400,16000,0,0,153300,
Australia,"Port Macquarie",PQQ,231600,18100,15400,19100,18200,1800,17400,17300,17900,18700,19600,0,0,163500,
Australia,Proserpine,PPP,264200,24800,20800,21200,24800,20700,21600,30700,29900,30500,32200,0,0,257200,
Australia,Rockhampton,ROK,651550,44647,39612,55559,52296,55782,52755,56302,51461,52126,0,0,0,460540,
Australia,Roma,ROA,250700,14000,14600,15900,14500,13700,13900,12500,11000,11200,10200,0,0,131500,
Australia,"Sunshine Coast",MCY,872348,79938,52182,64444,74845,59923,65090,82654,77350,89059,0,0,0,645485,
Australia,Sydney,SYD,38732886,3412801,3010070,3337568,3213874,3054632,3038680,3483763,3265688,3348353,0,0,0,29165429,
Australia,Tamworth,TMW,156200,11400,11400,14000,12000,13300,13200,13300,13900,13600,13900,0,0,130000,
Australia,Townsville,TSV,1497838,111909,98440,117998,123844,124026,127577,145023,131085,137518,0,0,0,1117420,
Australia,"Wagga Wagga",WGA,211900,12700,15400,18500,17500,18500,17000,17400,18400,18500,19400,0,0,173300,
Australia,Williamtown,NTL,1168545,93178,80225,93900,92850,93417,90080,102499,94125,98645,0,0,0,838919,
"ALL AUSTRALIAN AIRPORTS",,,144826826,12380632,10855810,12196089,12007684,11352607,11374239,13121380,12220343,12476823,1047699,469251,0,109502557,
Bahrain,Bahrain,BAH,8102502,764540,631480,718504,710169,706597,659888,749782,862113,761930,654342,625404,0,7844749,
Cambodia,"Phnom Penh",PNH,2665894,267782,250286,266611,249495,242565,228000,255409,263089,227363,254096,282678,,2787374,
Cambodia,"Siem Reap",REP,3018669,399192,376033,316623,239231,198366,176201,229496,264861,201856,240427,309193,,2951479,
China,Beijing,PEK,86137000,6976000,6985000,7701000,7604000,7748000,7323000,7975000,8145000,7475000,7977000,7073000,0,82982000,
China,Xi'an,XIY,29177459,2373544,2524216,2707054,2739238,2752517,2653215,3000081,3126739,2898952,2943508,2622142,0,30341206,
,,,,,,,,,,,,,,,,,
Egypt,"Alexandria Borg El Arab",HBE,2499032,272114,235214,227585,204674,232279,264856,289944,288167,250141,185268,0,0,2450242,
Egypt,Aswan,ASW,269644,51231,49843,36092,32893,25060,18141,19573,20070,24389,26971,0,0,304263,
Egypt,Asyut,ATZ,174516,0,0,0,0,0,0,3749,7769,13621,14077,0,0,39216,
Egypt,Cairo,CAI,12639072,1168553,1036452,1101544,1161286,1126503,1292188,1373669,1463257,1254918,1120562,0,0,12098932,
Egypt,Hurghada,HRG,7222540,488737,429829,563898,700848,663728,601014,644144,683097,575019,670171,0,0,6020485,
Egypt,Luxor,LXR,601294,82490,79468,66095,62551,56395,48488,42423,43314,51121,55077,0,0,587422,
Egypt,"Marsa Alam",RMF,1174289,79780,79293,94403,100072,94263,87666,96129,113920,85326,98814,0,0,929666,
Egypt,"Sharm El Sheikh",SSH,6235912,501702,419291,524834,612833,571166,513362,551949,583361,504442,583768,0,0,5366708,
Egypt,Sohag,HMB,568472,61634,58579,56739,0,71412,72136,70059,66747,63160,52214,0,0,572680,
"ALL EGYPTIAN AIRPORTS",,,31384771,2706241,2387969,2671190,2875157,2840806,2897851,3091639,3269702,2822137,2806922,0,0,28369614,
"Hong Kong","Hong Kong",HKG,63344000,5231000,5410000,5736000,5847000,5757000,5568000,5975000,6301000,5351000,5779000,5593000,0,62548000,
,,,,,,,,,,,,,,,,,
India,Agartala,IXA,846146,77795,71349,75770,71104,81541,76150,75726,77079,57925,82442,77289,0,824170,
India,Ahmedabad,AMD,4809999,502186,459366,452809,496317,551209,476365,464006,472016,494557,511833,581212,0,5461876,
India,Amritsar,ATQ,1118528,84719,91344,103573,97548,87865,82265,91273,96307,97970,103153,108495,0,1044512,
India,Aurangabad,IXU,458017,35046,24266,24660,23806,23693,20655,22442,26018,27368,24830,25766,0,278550,
India,Bagdogra,IXB,1009821,66980,71731,87538,99939,112061,78956,74723,82620,74725,83117,100117,0,932507,
India,Bengaluru,BLR,14470900,1407353,1300809,1364982,1476135,1582603,1444767,1544756,1551229,1462047,1617467,1595985,0,16348133,
India,Bhopal,BHO,382078,39014,40715,43620,47888,52630,50071,53080,54941,52834,54907,60354,0,550054,
India,Bhubaneswar,BBI,1378074,147675,130830,132599,139794,157589,148606,135722,135938,136549,155577,162965,0,1583844,
India,Chandigarh,IXC,1144772,66331,105731,121920,124387,147531,138381,127075,122939,127674,125936,128123,0,1336028,
India,Chennai,MAA,13811191,1300913,1144178,1209652,1231294,1367417,1239805,1250481,1293551,1231616,1231141,1238178,0,13738226,
India,Coimbatore,CJB,1355858,102533,124793,136385,140665,154227,139866,136319,139422,135115,136220,142013,0,1487558,
India,Dehradun,DED,368005,26563,28922,35776,38635,41583,38705,36444,36534,36874,39490,35060,0,394586,
India,Delhi,DEL,39752819,3549708,3457648,3679460,3678646,3928479,3849730,3813238,3804695,3688604,3963541,4164928,0,41578677,
India,Dibrugarh,DIB,306344,28375,24304,25102,27002,28484,26975,28254,23641,22689,26935,27318,0,289079,
India,Gaya,GAY,116421,15906,20163,21293,9459,1931,1862,1865,7023,7819,20264,20901,0,128486,
India,Goa,GOI,4528582,478192,440770,449254,367161,327205,338631,379491,389935,415658,425279,495783,0,4507359,
India,Guwahati,GAU,2170582,188705,185338,203698,218927,219717,223698,224872,246024,208231,232951,220204,0,2372365,
India,Hyderabad,HYD,9786914,970779,880355,900128,935602,1037492,964348,1012961,1015986,953058,1052489,1034839,0,10758037,
India,Imphal,IMF,601895,52796,48280,55927,52793,59703,63528,61390,58195,60705,63722,65895,0,642934,
India,Indore,IDR,1268858,122044,118671,128337,141519,143919,135368,126812,141436,137337,140029,136110,0,1471582,
India,Jaipur,JAI,2076761,210108,209580,213115,212400,224739,214766,216853,223723,230228,238251,257272,0,2451035,
India,Jammu,IXJ,915580,79598,82258,94092,94013,96689,83666,88140,81592,100807,87840,96951,0,985646,
India,Jodphur,JDH,308982,26617,24653,24246,22601,23655,22031,24038,25749,24343,26126,26155,0,270214,
India,Kochi,COK,6067265,624790,499634,530066,602890,674308,596092,632830,687889,613088,594306,599021,0,6654914,
India,Kolkata,CCU,10735531,981654,905081,958639,974452,1087625,1002978,974948,958401,938950,1017600,1066122,0,10866450,
India,Kozhikode,CCJ,2512498,243673,206103,229872,246068,197910,169349,179282,199837,180323,177926,178722,0,2209065,
India,Leh,IXL,394005,22491,23118,25210,32872,48223,47404,42482,41416,40558,29541,25584,0,378899,
India,Lucknow,LKO,2468086,212798,215520,223320,239132,267131,280270,256208,269360,248073,269263,277637,0,2758712,
India,Madurai,IXM,714521,58033,51749,53442,57262,63037,58110,66692,68070,68155,69226,74279,0,688055,
India,Mangalore,IXE,1302561,109961,97884,110041,129700,136378,126241,130692,136037,125419,152595,142873,0,1397821,
India,Mumbai,BOM,34993738,3415364,3187868,3268739,3342347,3629663,3230810,3246535,3329802,3239185,3302412,3584560,0,36777285,
India,Nagpur,NAG,1327368,125912,117547,112900,118569,140755,134749,121376,119972,120285,125525,138675,0,1376265,
India,Patna,PAT,1154685,83500,95866,113469,128530,139535,131979,127659,124281,119204,127561,141525,0,1333109,
India,"Port Blair",IXZ,800352,81650,70442,77983,76579,73437,65170,51412,56037,58606,76990,80070,0,768376,
India,Pune,PNQ,3945256,375792,362095,369014,419026,450788,418190,442715,444470,435677,442787,454999,0,4615553,
India,Raipur,RPR,887149,81344,79270,79826,97717,109820,99449,89336,91142,87794,99791,104509,0,1019998,
India,Rajkot,RAJ,332516,36207,33915,30648,37245,35753,32156,32169,31764,31344,31480,35910,0,368591,
India,Ranchi,IXR,580683,61604,60722,60524,57653,65719,68824,59516,56756,60137,60452,56205,0,668112,
India,Srinagar,SXR,2195511,114194,116691,146987,178465,233982,232588,224703,197924,188698,198501,152955,0,1985688,
India,Thiruvananthapuram,TRV,3118868,294596,241657,256777,277081,296640,277081,277286,309793,273160,283755,266630,0,3054456,
India,Tiruchirappalli,TRZ,1166513,112629,96753,100012,99242,115752,109863,102840,111890,105203,99259,108509,0,1161952,
India,Tirupathi,TIR,253128,23327,20208,23965,19438,26190,26617,31446,35299,31879,31116,32317,0,301802,
India,Udaipur,UDR,461470,42574,42808,42716,39338,36402,33868,40597,43650,40936,45545,81190,0,489624,
India,Vadodara,BDQ,731593,62076,58044,53428,65429,83366,70482,68352,71709,72581,70483,84671,0,760621,
India,Varanasi,VNS,983327,91261,91620,96741,85430,91960,82556,75618,84248,93100,120603,154333,0,1067470,
India,Visakhapatnam,VTZ,1056123,97557,93171,101950,119760,143004,128194,144342,142480,137896,156119,144958,0,1409431,
"ALL INDIAN AIRPORTS",,,181169874,16932923,15853820,16650205,17191860,18599340,17282215,17408997,17718820,17094984,18026376,18788167,0,191547707,
Israel,Eilat,ETH,1423171,105432,106520,120629,119960,129480,126206,121337,124857,85521,120895,109856,125671,1396364,
Israel,"Tel Aviv",TLV,14924777,916416,874165,1158771,1348248,1346484,1432326,1814181,2078752,1693619,1501600,1062943,1071695,16299200,
Japan,"Osaka Itami",ITM,14526575,1098212,1053465,1275689,1134618,1235026,1138708,1178370,1389610,1274000,1306924,1269551,0,13354173,
Japan,"Osaka Kansai",KIX,19354031,1611650,1728260,2006766,1886637,1896392,1826180,2052266,2286450,2027000,2038222,1926665,0,21286488,
Japan,"Tokyo Narita",NRT,35594965,2795451,2780949,3272010,2997590,3107258,3045490,3310587,3630658,3219589,3197148,2924410,,34281140,
Malaysia,"Kuala Lumpur",KUL,48930409,3992655,3761000,4223000,3975000,4099000,0,0,0,0,0,0,0,20050655,
Macau,Macau,MFM,5481441,435805,479738,448661,480254,486527,456002,510793,575849,441342,479036,488724,548728,5831459,
,,,,,,,,,,,,,,,,,
Morocco,Agadir,AGA,1467447,109882,103774,120572,124722,128226,108692,0,0,127177,137474,100993,0,1061512,
Morocco,Casablanca,CMN,7971705,607148,533013,626411,678701,677514,623152,0,0,774854,715339,589708,0,5825840,
Morocco,Fez,FEZ,791564,62159,56765,65049,77122,82900,74596,0,0,86337,81284,64677,0,650889,
Morocco,Laayoune,EUN,123356,10231,9335,10785,10789,11113,13031,0,0,14417,13948,16289,0,109938,
Morocco,Marrakech,RAK,4034410,295109,311017,369330,398236,378298,306321,0,0,331385,384910,308600,0,3083206,
Morocco,Nador,NDR,604013,40304,34526,38669,45799,45901,42769,0,0,63681,48569,41558,0,401776,
Morocco,Oujda,OUD,515896,31514,29912,31647,39900,39530,42868,0,0,57587,42670,27820,0,343448,
Morocco,Rabat,RBA,684213,55703,50246,57658,55876,55228,52445,0,0,63417,66756,62927,0,520256,
Morocco,Tangier,TNG,766364,49293,44668,51538,60192,62541,60725,0,0,81833,63937,54705,0,529432,
"ALL MOROCCAN AIRPORTS",,,16958968,1261343,1173256,1371659,1491337,1481251,1324599,0,0,1600688,1554887,1267277,0,12526297,
"New Zealand",Auckland,AKL,15348620,1423831,1317053,1438193,1361310,1220463,1175525,1379308,1304935,1312099,1413847,1405657,0,14752221,
"New Zealand",Christchurch,CHC,5792379,507533,507423,507423,521978,452355,426140,521978,470279,475913,0,0,0,4391022,
"New Zealand",Queenstown,ZQN,1316731,137510,122739,130726,115172,83427,89274,149553,155668,119902,116212,132589,0,1352772,
"New Zealand",Wellington,WLG,5419954,408177,449404,505222,495276,459521,430885,487140,468247,466271,509329,507907,0,5187379,
"ALL NEW ZEALAND AIRPORTS",,,27877684,2477051,2396619,2581564,2493736,2215766,2121824,2537979,2399129,2374185,2039388,2046153,0,25683394,
Oman,Muscat,MCT,8720102,851588,746072,812438,818528,815953,799769,863636,1002719,891466,864804,854644,993563,10315180,
Oman,Salalah,SLL,842044,81877,64070,71722,71046,72564,74289,103497,156223,94548,75501,78364,83877,1027578,
Singapore,Singapore,SIN,54094000,4420000,4121000,4535000,4391000,4480000,4700000,4894000,4955000,4422000,4601000,4637000,0,50156000,
,,,,,,,,,,,,,,,,,
"South Africa",Bloemfontein,BFN,367635,21036,28496,37462,31091,32718,31346,33587,33177,34958,39069,36811,0,359751,
"South Africa","Cape Town",CPT,8636294,753902,750231,879507,797719,685991,655771,734968,743465,754862,853932,867715,0,8478063,
"South Africa",Durban,DUR,4495974,348822,348649,412184,395732,375175,358268,415899,399578,395873,429257,426273,0,4305710,
"South Africa","East London",ELS,642085,44200,47520,57976,52031,51125,49820,56928,55140,58173,62982,69402,0,605297,
"South Africa",George,GRJ,597637,55420,51855,60055,63467,52767,48880,58685,53612,53491,62918,58421,0,619571,
"South Africa",Johannesburg,JNB,19031907,1504415,1419653,1704981,1644650,1565605,1517179,1741887,1773412,1711915,1824591,1723365,0,18131653,
"South Africa",Kimberley,KIM,163138,8524,12679,14709,11213,12969,13275,14447,14319,15617,17068,15351,0,150171,
"South Africa","Port Elizabeth",PLZ,1285074,112574,116779,143527,139498,120660,118668,137879,135373,132552,144224,136163,0,1437897,
"ALL SOUTH AFRICAN AIRPORTS",,,35219744,2848893,2775862,3310401,3135401,2897010,2793207,3194280,3208076,3157441,3434041,3333501,0,34088113,
"South Korea",Busan,PUS,10378866,967542,889046,954030,1075449,1096381,838471,926415,1130679,1014877,1186135,1155258,1147867,12382150,
"South Korea",Cheongju,CJJ,1702538,161186,141480,148127,178245,193546,127422,146198,191347,206975,245124,196599,182243,2118492,
"South Korea",Daegu,TAE,1537328,153136,135922,147953,182683,196094,138693,170639,206919,174086,196650,168263,156588,2027626,
"South Korea",Gunsan,KUV,154189,16381,15165,14738,18084,18715,13638,16737,20611,16624,20673,17663,16409,205438,
"South Korea",Gwangju,KWJ,1470096,146507,135306,140095,141022,149412,113671,130548,133249,126630,135799,131592,121074,1604905,
"South Korea",Jeju,CJU,23197796,1896687,1863759,1959237,2392073,2506847,1789368,2039829,2538146,2295069,2623015,2282020,2051512,26237562,
"South Korea",Muan,MWX,178414,33008,23855,26035,35538,36277,17626,15701,24723,23229,31773,26421,17736,311922,
"South Korea",Sacheon,HIN,124792,9645,10688,10094,10071,13096,8945,9854,12174,12408,13993,13296,12248,136512,
"South Korea","Seoul Gimpo",GMP,21566946,1729369,1741572,1823678,2083226,2144613,1592919,1832351,2209876,1991436,2226718,1968340,1819680,23163778,
"South Korea","Seoul Incheon",ICN,45512099,4335911,4078563,4093391,4178462,4259678,3315107,3652220,4482198,3936541,4410284,4119189,4419666,49281210,
"South Korea",Ulsan,USN,457060,42038,42928,47821,47368,49622,43749,45915,45554,49549,49607,49239,48021,561411,
"South Korea",Yangyang,YNY,237538,4717,6162,2440,23814,32407,8148,1137,1301,12903,19256,13115,925,126325,
"South Korea",Yeosu,RSU,433794,32665,35607,36398,35083,37515,26938,29539,33033,36310,38983,36744,34749,413564,
"ALL SOUTH KOREAN AIRPORTS",,,106951456,9528792,9120053,9404037,10401118,10734203,8034695,9017083,11029810,9896637,11198010,10177739,10028718,118570895,
Taiwan,Hualien,HUN,214279,17889,11462,8256,8683,8260,6998,8267,8003,8664,10473,11243,0,108198,
Taiwan,Kaohsiung,KHH,5396928,395884,463775,460884,505946,515491,502600,566934,561078,498222,530716,498123,0,5499653,
Taiwan,Kinmen,KNH,2303711,162550,181413,152053,170719,176009,185014,207449,191219,173236,214994,190478,0,2005134,
Taiwan,Makung,MZG,2118733,103072,132103,126578,183348,228292,239220,250012,217609,181217,160174,131771,0,1953396,
Taiwan,Nangan,LZN,240220,14006,13268,13603,15254,16861,22314,23839,24801,23506,23883,17493,0,208828,
Taiwan,Taichung,RMQ,2186971,162382,177821,171660,189329,205203,208397,232512,223616,190982,210181,189668,0,2161751,
Taiwan,Tainan,TNN,313791,22094,25894,22219,28107,29788,29163,31037,27692,25259,27213,25903,0,294369,
Taiwan,"Taipei Songshan",TSA,6105403,435121,449054,435213,482410,517193,520007,540007,523780,476214,518539,492128,0,5389666,
Taiwan,"Taipei Taoyuan",TPE,35804465,2873722,3093905,3162012,3221240,3216039,3187069,3362016,3447825,3022685,3320313,3232291,0,35139117,
Taiwan,Taitung,TTT,380139,23884,23779,24009,24950,24509,26685,29036,26990,25358,24004,25915,0,279119,
"ALL TAIWAN AIRPORTS",,,55064640,4210604,4572474,4576487,4829986,4937645,4927467,5251109,5252613,4625343,5040490,15042611,10064392,73331221,
UAE,"Abu Dhabi",AUH,19865127,1887631,1715540,1917939,1864947,1877440,1848080,2100929,2254809,2005748,0,0,0,17473063,
UAE,Dubai,DXB,70475636,6895668,5973727,6736932,6510653,6267640,5914671,6682676,7282256,6432654,6250810,0,0,64947687,
UAE,Sharjah,SHJ,9516600,835915,730770,826616,814648,810708,775293,837316,928897,885606,860709,817722,0,9124200,
